, ⁶23 'N (1.01111111111111 vu. 111 11.
s petuo 110110 rigon 0011110100, 01 00 niun 1111100 1010010 ssiu vangium

1100001011- 000 011 11001001110101111 001. 11110111 101 00010 11010100 0111011011
0001101 111 10011011 101001 110 111010. 1100111011 110 amb 01 110 0010101010·οι
101110101100000101 101101111110 110 11010, 11 1000 1110 0011 0110110010οω
01 110 110011, 1111 100 01111 100011 on 101101 1100111001000111011101011001. 101,
1100111101 11101011. Aa 110 0110111 01110 11110 011010 101 0101 10011 0010ορ, 1010 1000
,1010001010 1000111101 1000100010111 001011· (1100011010 1000 10110, 00 100111, 001010
1010110101010100010010101010001,10 11010001101001,110101101100011100111000
0100111111,10111001101101010001001 01111001 01111ου1101 1101 111101 1011011000
11011000.1101011,1110000111001111100110 0010111101110 011010, 11001010010101
1010 1001101111 1100111101101011 110 011010, 101000 0111 0001010 1111111 1000 010111 11110 110
01101 00001011011011101011 010100 10111· 1101111111 11011001110100111- 110000 1011-
· 001 0 11101. 110 11101 10100 00111 up 10 111100 1101010 0011001 100 1000101 110-1011001,
110 011110ρο 001 111110, 0111 01101· 0110000101 0111 101101. 110 mlo 01 110-,1010011010
11001111001110001,0001000111001.1110· 10110011010000001100000101, 0011101
0101111010νο0 011110, 001100111011000- 00 10 1101100101 (11112) 100000, 11011111
1101,οΜ1111110100110111100010111001111 00110111001101 111, 0 1110110111 01101
01110 000110110001110 001010, 0010001111- 0011111010101 0101 101000,10111 0100100100
001101110110110011 110 101101 01011001 0100010111110110111 1011011οω1100.
number. 110100101110 110010, 00011 0011 101010 110111 110 0011 01111 111010, 11110 11101
10110100, 0111 01011111011010 11011110011011101000111101001011011000,000001101
1101, 10111001 1100100011011, 01000001 010111 11010 0100110111 00101101, 10 1011 11001 1101111
1101001 1101 101 10111 1001111101 111111, 01100111001001110101001 0100011110
10111101 1101011 1101110010.1110100011011010 011 01011011010011100000010011111111
101 1101111111 11001 01 0111101101 0111101111. 11101 00 1000 01111101 01101101 1101111110, 01
10011 man 1010 100101100 111111 01 011010· 01110101 0001 10011 11111001. 171 010111 0110
tion 10110111 10 0001100110 0111010011. 0001- 101 01 1010401011 10 111011 0111 10011111
11110101 10 01001100 11 0 0001011100101 110 1111110 001 0110011101 001· 011011, 01101
100111111οω010111110010010101,100110- 101101000οκ010101 011 1000101οα010, 0111
, 110111 11 011000 1100101 1111111111, 0111111 101101. Nm 0101011011-10010000111101111
· 11100011001 10101000101 0 11101011, 01 1101111101, 1000111101 11 110 10101 01 1111-
0001, 001101 1100111011, 01 110100101 110 1001 01 81110111, 0111 101101 101010 100-
2111111 1001. 1101 101 110 010101 ’01 0110110111. -11011101100001011101
101111 100011001111. 110 0110101011 101 110111111010111101101111011011111100101101
01101 1000111100, 1101100 011 00100101 0110010110 00111 von 8011100 001 111110 111101-
10111011001110111101. - (1011111001 1011, 1101111010 011011 111 eine 1111111000
0101011111 110 00010 0111 10111001 000001. 110- 10110010111101. 11.11011101Τ100.Τ.1,
01011 001110011010110110110110 00010111, 111111 m: 100 0100001 1111 0111001000 010111
1 1100111001, 0101 0101001001. 1101000101 0101000101111 11 010 0000000100 1100000,
110 110-11111111. 11 110 0011011001, 101101 0111, 01101 01001001 01010111 1000 10111101
11001101110 2111111 110101, 011111100110011 010110111οο 0011 11111000 1010101001-
11 cm 0001001011 01001 0100111,100 111 001 11101 00 110 001101 01110 00100 01 11100-
0110101111,111111000010111 1101011101 001101 100111, 10110111 10111 011100 0001100111 011110
1001. 11101000100010111011011111111110, 00101001 (p. 240) 011101 110111. 11011100
110 101 010001 011 1101170 101111 111 110 11101101000110101100011001001001110-
101101 01 1101101101. 110 00110001 11001-’ 11101001, 01111100 0111001 10010 00100111
1111, 0111 100 101111 1101 111111 11111001 0000101 10111 011010 111 110 1111 01 1101,
11011000 0011 0110011. 1101111001 11011· 1101100 00011 01111 1101111111 110 0101-
101100011001110011101100110111 111111,101011110001 1101011 0111000011
01001 1110101101 wo 010001 101011 110 11111. 1001 0001· 101100. Τ10 11100 1001101-
111101111 101 1110001101 1110 1000 0101 111 011011 100000 11011101 1101110000 0001001
1110011001, 101, 11001111 011 11101111 101, 100001 01111011001110011011001010. We
000 01000001 101011 110 001101, 0111 1000011- 00010100001 0101 1001001 01 an 0100011001 01
10111 11110011 001 precipitem 110000. 11 110 1110111001 010 10111111 1001, 101101· 10 110
1000 0010101 100101 101010 100 0011100101 101111 01 110 1111 01001001 11001 110000.
0111001001 11011 110 1110011 01110 001111. rt 110 11001 10110001 110 11001 01 001001,
1000001111 110 00001011 01110 0110010001, 0110110110 01110 1010011111 1001001010,
11101 1111 1010 101 0001 10011 1000101101, 101011 001 1000101 110 0010101 01 001 0100011001 01
11010 1000 10 01001 111010 00 110 110001; 0101, 01111 1101110011 010 10101101 10011 1011010110
110000 0000110000 1101 01111011 000110001- 001010 0000 11101 00001110101 101 110
0010011110 11100 0110001011 110 00010110 001101. 110 01101001 0111 1100101110111101

Α

 

