SPRAGHLICHES REGISTER. 959

81111111 011 10111111 111 1011111111 dem
8111111913, 11, 8 11 901. 91 1.1.1 3, 39,
4111411.1421.118,19111901.1 110,
11 p. 2901. 20111 4,28,28112511.1 4,
4110129811 4, 51, 1411311911 5. 4,
29 11385115,11,2114411.15,20,811
4521. - 111 mamm 1111111, on 1111111 mo-
111111, marimo 11111111 4, 41, 22 11. 39211.

81111111 011 81111111111 111111 dem er-
sten 0111510111 0111 11100111 1401111111

stennon 1111110111111 110 eines 1111-
111111 111 ciuem 8111111111 3, 29, 25 11 131
1. 13811 4, 31411 2841.

1111 01111111111011 11111 dem 11111111-
01181111111113, 22, 21 11 11011 3, 29,
24 p. 131111 3, 30, 911 14311 3,30, 12
p. 1451113101. 15911 4, 31, 2211
21111 4, 3141128411 4, 51, 30 11331
1.1 150, 8 11 34811 5, 19, 10 11. 41911
5, 15, 23 1143811 5, 31, 11 1148211 5,
34, 11 11481111 5, 31, 19 1149111 0,
(1141151111 1215154111 0,25, 10
p. 55911 8,1,3 1112211 8, 219 11191
11 8, 45, 101180911 9, 5, 25 118211.

8111111101181111111111111110111111111
011 beiden nbumgigen 01111111 4, 01, 15
11311111.

81101111111111 1111 811111111111 ge-
11111111 (11119111111110111 ersten dersel·
111 4, 22, 11 112401. 2411.

81111111 011 Pronomen possessivum 111
seinem Nomen 8, 44, 2 11195 1. 1.1 3, 2,
1411111.1.15,31,11 114821.15,35,4
11349411 0, 9, 11 1152411 11211011
9ιο 1.

81111111 011 Pronomine 111111 ciuem 111-
1111191111, nn welches 111 1111 11111111,

1111111111111111 011 1111111111 gesen
einander 4, 2, 1411 11411 0, 38, 1511581
1.- 11111111110111 4, 55, 24 11 34511.

81101111 01191111111111011111 1111110111
113191

81111118 01110111111111 u. 111111 dem
191111111111111 1111 11111111, 3, 2, 1211
151. (1111011111 3,1, 1411 4511111111-
modum, modo, onte); 4, 2, 10 11 1111.
(nonomen 4, 15, 1911.2181.(1’111111, sere,
forre); 3, 1, 8 p. 41 b. (demum); 1111
11 3381. (11111111 3, 1212111141. (simulet,
pariterue). Vergl. 11111111, eron 1111111111.

81111111 111 quom n. 11111 11111111111-
111111 111 dem 111911111111111111 135, 2
1128311 1414 p. 3081.

81111111 111 11111111,ηυίοΜ 11111111-
minelum 11111101111119111111111111111 4,
1121 112931. 2941.

8111111111 111111011111111 1114111111
1011 11 011 8111111 11111 §utres 10118111-
1111111 1111111111111 nosocomos 4, 43, 1
1130111 4, 23, 13 112421.

81111111111119110111111111111 111 41-

111111 111111111111111 3, 35, 13 11 1991. Ι

81111111 1111111111 1111111011 uenire
vor Partikeln 1. 1111111111 142, 15 n. 1141.

stennon eines 11110111111111 11111111·
111110111 8111111911 1118111111 011 Pc-
111013, 1, 9 11141.

11111111 11111111111111011111 81111191
0111111111111011111111111 1, 42, 20 113941.

Treunung zusammengenongor 91111101 .
durch einen 011111111011111111 1111111111-
111113, 4, 3 112511 4, 42, 21 11 39411
5,14,10114341.11211155811 1, 8,
29110131.

’1111111111111101111110111111111111-
0111 rum [1111111111191111119111111111-
101111101111 8, 13, 1911 14011.

1111111111111110111111--11,1111-111,
neo-noc, sios-cios 1111111111111 011111-
sitne durch einen 111 11101 1119191111
91111113,2,1111181.191.

11119111 congruente suntheim, 011 11-
nen 111111111111 91111111119011, 11111-
111 111111111011 11 regclmessigem Puro!-
1111111113,4,111231.241.1149,11 11
29811 5, 20, 1 114091. 1.1 5, 28, 8 114141..
101111 entgegengesetzten 1111111, 3, 3. 19
1120111411113011.

11111111 11111 congruente 811111111111-
wesen 1111111111111111111111, 1110 insc-
11111111111191111111111111, 1110 so. 01111
0111111 oder 0111101119111111 111011111-
01111 Δ111111111111111111111111, 4, 29, 29 p.
2331. 23411 4, 41, 2 1. 3231.

4101111111119111111111111 11111 Wort-
11111111, 1111119111 11 911111 111111111-
111111,1111111111 u. 11111011111411110111
1.113,2,1311111.13,2,1811291.13,
5,1911291.13,5,191130113,8,1811
48113,8,1911481.13,9,311551.([.1’.)1
3, 9,411 5911 3, 11,12 110311 3,15,12
11191.1.13,19,1511 18113, 10, 1811
801.13,11,211821.13, 11919811
3, 24, 11 11 1151. 1.,· 3, 24, 14 p. 11011
3, 21, 13 1112111 3, 212411 13111 3,
31111144113,30,111.1451.1.13,35,
14111911.14,1,21119011.1 11511
19211 110,10112901; 4, 11201202
1.14,15,20112181.1 4, 15, 21 1121911
4,11512211111219123911 123,
13 1124211 4, 21, 1311252111 121,
15112521.2531.; 128, 241125511 4,
31, 22 11 21211 4, 32, 25 1121511 4, 34,
151128211134, 1911283111 4, 35, 4
1128411181121129011131, 13 n.
29111 4, 38, 22 1129311 4, 30, 1 11295
1113111129111141221130211
4,42,32113001.1143,111391114,43,
811309114,43,9113091.;141 1311
31011 14118131111 4,45, 1211318
11 4, 49, 24 1133111 151101134311
4,55,2011340114,50,1111350114,
50,13111101.14,110,311351111014
3511.14,90,0113511.11018135811
4,02,18113111.11012511393115,
101312115,3,111138911.15,3,21

 

