424 (4.414411114114111. Ν. 3.

»44444434 4144444414 GL 4444444 emensus, 444444 in 44444, que 4444444444 44444444,

4444 4444 44444444 444 4444 es 844444 444 4444444144 44414444444444 4441441144 antee
44444444 44444444 44444 44444. 44444 44444 444 41144, 444 denen 4444 4444444444 44444444
444 o! 4 44444 44444 444 ae 4444444444,11444444444444414444444444444414414141.
444 became taryer, 444 444 4444 4144 large Sosege Freser Narrat. p 234. 444 4444
444444444444444444444444444. 4444444444 444 4444444444444444414444ω444444
4444444444444444444444444444444444444444 144 44444444 44444444 444 paee 4444444
md 444 Caspiae, 44 4444444 444 444444 Ν4- 44 14444444, by 444444 aflet 4 444444 es
444. - 44444 4444444444 444 44444 Ν4· 44444 441444 4444 (444144444444 eus).
444, 444 4444444 4444444 44444 4444414444, 44444444 4444444444 4444 see-eeu, 4444 4444
44 14444 4444444444 44 4444 aed 444444, 4444 4444444444 4444444444, mammii 444
444 44444 44444 44 4 444444 4444444444, 444. 444414 44 44 open emen. Wehrseheielieh
44 444444 4444 4 pere-like 4444444444, 44444 144 die secessu 4444 eber 4444 14414144 444
44444 44 444444444444444444444444444444 conone Journey 44 444 reone 44 14444
mesa. 44444 444444444ϊῶ44, weme- 44444444444444 4444444444. 4444. 1834. 8. Τ 1
444 4444444 4 4444444 444444 paee. 444 melu 42144444444444444414444444444. 44 (8444·
4444444 from 444 4444 44 444 4444 emnem, 44444· 4· -Beeeamnemmewmeaetm
444444 444 4444444444444. (14344) 44444 44444444. 4444444, 4444444444444444
ee 4444444 444 meat 44444 es 44444, 4444444· 44444, 44 44444444444444444 4444444 4444
14449 4414444444 o( 44444444, and beuaee 444 444 44444 44444 read, bantrensem
4 44444444 444 44444 ranae os 4444444444 444 4444444444 444444, 4444444 protere-edim
44444 fem 444 4444444444 44444444 444 Ge- W 444444. 444 44444444 4444444 44444444 444-
44444, 444 4444444444 444444444444. 444 44444, 444 444 4444 part e( 44 44 een) 4444
4444 44 44444 sorem 44444 44 444 44444414- 444444. - 44444444444411444144444444
4444444444 44444. 044, 4444, 44444, 444, 44444, . 44444444 p. 445 44414 1444414 du Benge 4144
4444, 4444444, 44444 444 [erese 44444, 444 4444 44444444 iiber 41444144 4444 fleri 444 114-
444 4444 44 44444· 44444444 444414. Rem-y 44444444414441444444,444444444414 G. 444-
4444444 44 4444444, except 4444 conspicuous 4444· 411444 hennen- Verge. 44441444444444
444444 pente os 444 4444444 4444444444, 444444 frum 44444344 44 Eumne. 14444444. 14484.
4444444 4444 4444444444 44444444 444 444444. Τ. 244. 184-134. ’44444444444844454
444 44444 44 444 44444 4441444444 ever 441444 4444ίί444444 medieseVeemuteungsiee
44444 lever travelled, 44444 444444- sehr 44444444. 11444444 4431 mr 444 444-
4444 4444444 eemtaessy 444444, 44 44444 4444 4444444441 4144441, dese (444 Eunus
444444 deep 44 med, 44 444444 444444 444 43441444 44444 (4441 ’44444444444
4444 44444444 44444 444 44444 444444. 444 1444441444 44114444 {iege 4444 due 414·
44444444441444444444444444 444 himer die weldige Wildniee beginne,
444444 paee, 444444 444 44444444444 44441 dee gene 44444 444 c. 4, 1443 pem
4444, 444444 44444 444 name 44 444 44444444444444444444444444444444144444444
44444 4444444444, 444 44 444444 444 [444444444444144441444444 4444444444444-
my 444444 os 4444 evade. 44 44444444 44444444 44444 41444ηὰ44444 14444444481444444
»s 4 4444444444 os elipperu 4444 4444- 4444444414444441444441144441444 der ,441444
444 44444, 4444· 444444 44444 44 4 4444, dee weldigen [legion (vergl. Trete! 4441444
444 44 4444444, 4444 4 444444 44444 444 sur 14 41144144 4414 14444ηά4444 1414444 leuben
reeeeety pem 44, 444 4444 444 444 vonges en 44144444. 44444 1821. 8. p. 414ι
444444 ef 444 4444444 444444 44 44444 ὰ 444444 4·4-ο4 depasce 44444 eom
44444, fer 444 444444 444 444 44444444 qu 44 44 444444 44444 444 4444444444
4444444 es breakiny 44444 444444. Se· soret, 4444 4 ’4444444 (444444 44 [44444444
44444 pasees 4444444444 44 4444444 44 44444444444 444 644444 yeuqee' 444414
1444444444, 4444444444 44 444 44444444, 44 4444 444 44444444, 4444 444 4444444444 4444444·
44444444 444 4444444444 meet 44444 44444444 4444444 444444) 4414 441444444444 memet·
444 eff 444 444444 44 4444 ue 4444 {eur 44444 144444. 4414144 44144144 44444444 444 4144 (inne.
444444 444 plain ef Astarabad- Wenn 4444 der 444 444 444 moysen 444444444444
es hiemeth 444414444444444411441444444444, 4444444444 84444 und 44444444144 benet
1444 Erigyius (414444 weg eingesoeeegen Eesegeeereber 4444154 Sere 4444444444
44144, 4444444414444444444 4141144444444144 (44444444 444444 6444444444, 4444 tuone,
444 4444444444, dese er 44444444 dem 4444444· 4444 4444 4444 dee 44444 44444444 44 jem
44444444441444414114444444444, (444444 44444 44444 (curem.) 4444444 1
14444444, 41444444- 84144444444 44444· 44444 444 44444 stade 444 144444 aenum ¹
44441 4444444444 444. 4144444 weg kann 44 4444444 44444 411444 'eder (14414444444
4444141444 44414444441444 ein 4444444444- 41144144 4441414444, 4444 44 1444144444 444
4441444444 4444444444 4444441, 11441414 Gran-een 1444114 44444444, «4441444444 dene

 

