111 1111111111 11111111.

15111111, 1151151523, 13 p. 242 5. teruennenses nensessontpmt
ldnspes, 1115111111 5511 8551111114, 21, 4 4, 01,8 402, rs

p. 131 n. 5. 11511 4, 5, 34. 35. 4,21, 1. 4,21,8 4,43,5.
illyricum 0, 24, 35. 4, 55, 211 5, 24, 35 10, 31, 2.
illyrii 3, 25, 5. 3, 25, 0. 4, 50, 31. 5,1,1. 1111111114,50,2811.3331.;5, 1,311.4541;

5,1, 1. 0, 25, 20. 10, 10, 23. 1, 1, 5 11. 001 u.

Ilioneus, verdorbener 111111, 3, 35, 13. 1111111111, 811513, 13, 10 p. 50 5.
immortales 5511111111 3, 1, 13 p. 44 r. 1111115511, 111 lieer Alaudas 8, 2, 141
115111,1311115111511115111111511 115 der 55- 8, 5, 40. 10, 30, 4

51555111, 8, 30, 2 p. 110 11.

1111111111151.1111111. Μ·
, 8, 41, 5. 111155511111111 111115,1,311,335 5-405

1151111111111, 3, 40, 8 p. 815 1. - nnnc. 81111151 5, 35, 34 p. 515 5. -1111-
11511155 Welsen 8, 33, 31 p. 118 ι. 11. here 511111111511 volis 5, 41, 4 p. 511 5.
indus, Fluss, 8, 30, 4 p. 1101. 11. 8, 34, 2 5851.

8, 33, 1. 8, 42, 4 0, 15, 8 tt, 24, 28 11151151, Perser, 5, 10, 4 p. 411 ι.; 5, 11, 12

118545. 855 r.; 1,55,1111.111ι5.1511. 11410 5.
ioth, Verhlndung desselben 1111 der Deiensel linennder, Flnss, 3, 1, 2 1145. 3, 1, 3 1151

5551151111,3,2,1511.11 5. 181. 3, 1, 5 p. 8 5.

1515511110, 25,15. 111151,11111111111111511,3,25, 20118521
lolius, 8551 des Antipater, 10, 31, 14. 11. 111111, 1, 3 p. 42 5.; 5, 3, 22 p. 382 ι.
151114, 21, 1. 5, 1, 3. 1110151514, 50, 20.

111ἆέο111551, 1151115111 Athens 511 Iturius, 3, memmi 11115111, 3, 15,15 p. 833 t:
1111185511151511, 3,11,511 881. 5. 11. 8311 11111513, 11, 5.

3, 11, 1. 3, 11, 8 3, 20, 14. 4, 0, 34.. 11111111,8ι11111,5, 13, 25 p. 531 5.
11111,1·“1111,4,44, 13. 1, 20, 4. 1111111151 11 Sogdiano 1, 25, 15 p 511 e:
51511151181111154,22, 11 11. 240 'n 1, 28, 24. 1, 38, 20. 8, 3, 13. 8, 1, ta
ilelin 10, 3, 18. Marathos 1115511551 4, 1, 5.

Iupiter 3, 33, 21. 448, 15. 111151151111 11111,3,33,211.154 5. 155 n:
11111111,5511’11111,3, 1, 11 p. 431. ’ 4451011131511521,1114515.;5,11,11
11. 118,13,11.
K· Mardonius 4, 2, 11.
1111111111,1115111111,5,1,1111.45 11 3, 8, 18 Hm ‘immin dmm Μό ⁹· ῃ h Μ
Ρ, 47 h· 48 a· 1111151114,30,3. 4, 33, 1.

115111 5111111111. Kllrpergrlisse 3, 1, 15 M;{⁸{}3⁸b{24⁰›¹³l·²fflb·²⁰⁰⁸-b·;².⁴4¹5

1111ἓῗ1311,111111111111,1,11111111. naseas, ‘¹⁰⁸⁸’ Μ’ ³· '¹ ² Μ ¹* ⁵ ²

51111. 1111111151111185. nfflsl’,{rl'll,35,‘lp.am 1511. utut·-

ι. mmfflpmer’4’5' 32 1181141211 =
β. 111). 1
1151511151111, Verlrliltniss zu Alexander, 0, 111111111111111511151514, 35, 5. 4,31, 1211

1, 1 11115 11. europenses. o, 11111. 11111. sss, 111 senes l

rm mnnsnmnemsnnw
1115115111155(1111151151111111113,35,15 5, 3, 11. 20. 5, 5, 44. 8, 13, 11.

pillis 5,15,5. 11111111111111111111151158312211151
1151155111,1155111111115511,10,30,2. 11551115, 12 4, 55, 24. 5,1,3. 1, 11, ts
Leonides, im 111511111115111, 1, 10, 35 1115115111. 5,2,14. 5, 13,2. 5511

110155. 5,24,1. 5,35,1. 8,13,11. 10, 3111
Leonnatus, einer der σωματοφύλακες, 3, 30, 1. Medion, Pierdeznelrt in, 3, 4, 4 p. 25, ι --

3, 30, 10. 3, 30, 12. 0, 31, 11. 8, 5, 40. Weg eusSuse nnelr Persepolis 51111511

8, 23, 22. 8, 48, 15. 11, 21, 15. 0, 38, 2 51111511214101511 u.

0, 30, 0. 1. 3, 41, 10. 10, 24, 20. 10, 25, 4. Medus, 111115, 13, 1.

10, 30, 2. Megalopolis 11 51115111 0, 3, 20 p. 501111
Lesbos, 3, 3, 10. 1111151111, lieren, 4, 50, 21.
111151111151111151111, 0, 12, 11 p. 532 5. Meleager, Tuninrelt, 3, 24, 1. 5, 14, 11. 1, ·.““
Libnnon,4,10, 18. 4, 11, 21 10, 3, 10. 11121. 8, 43, 11. 10, 21, 20. 111, 22, t:
Lilrer Peter. 8111155111. 10, 23, 10. 14. 10, 24, 11. 13. 10, 21, 1 l
Locrenses 4, 50, 23. 3. 5. ll. 10, 25, 1. 10, 21, 22. 23. ro, 31].
1111151111 4, 23, 13. 8. 3. 10. 10, 23, 13 11. 18. 20. 21.

115113, 1,1. 5,14,10. 1, 40, 12. 10, 30, 2. 111155, Darei interpres, 5, 35, 1.
11511,111511111151111111151115111151111 11111111111511111115111, 1, 21, 11 *pepp
51111 151111111113, 1, 5 p. 8 5. 1, 21, 21.

 

