sPRAcmlcflEs REGISTER.

11111191, 11111111111111111, 4, 3, 13 p. 13113.

asta 3, 33, 33 118411.

111111,1131111111131’13,33,3111113.- mee
11111113131111131- 11111111 1111111111
8,18,1311.1533.-311111111111ο11331,
14111431-3111111111111, 3113114413-
111111,111111131111133,.3 14 p 113,

aurire, 11111113, 4, 13,411.3313.; 1, 8, 31
11 313 3543141- aliquid 11 1111111113, 33,
3311. 1 1

11111111.311311111111313,3,3311331.
ercule, 3111111113, 33, 33 11. 5811111 13,
13, 311. 3333.

11,111111111113111111131 ,1.1131.- 111,
1113,34,13111143.- 11113111 1111111
dessen 3, 3, 4 11 3311- 1111311111311
1111111111· 111
&mmmm

111, 3111113, 4, 13, 1 11. 338 3.; 4,11,1 113341,

11111-311113,35,38115151.; 8,45, 11111331.

*eiecere 3, 33, 32 p. 513 e.

3111111111 31113111 3, 13, 33 115453.

honestae 11111 8,11,1 11. 1533.

honestare 3,1,13 11441.

honeste 111111· 3, 31, 31 11. 1381.

3111111,3111114,43,3811..-3343 hortauit,
1111311111 111 1111131115 3, 38 11. 3311.

1111111,1111111111111,33,81113113.

1111111113,31,14111431.

1111113118, 15, 131). 1443.

31111111 mn (1118111111 1, 15, 3 11. 3451.

3111111111ίί3 1111111114,33,811.3483.

humaniue, hyrcanus 3, 13, 1811531131 1,
14, 31 11. 333 3.

1.

1,1,8131111111111011311111111113,1,81). 133.

iacere 111111, 1111185, 38 11. 1381.

1111111113,13,11 1133113331 1145311.

iactatio 1111111111 3, 1, 5 11. 535 3.

iactus, 11113111 5, 33, 3 11. 4131. 3.

iectus, 111111 11114, 11, 33 11. 3343. 335 1,1
4,13,811.3131.; 5,13,1114113.

iam heim Ueherssenge 111 11111111 neuen Me·
111111,1,1311131.; 3,13,1 113311
3,11,3 11833- iem 11111, 11111 1111-
nee 4, 33, 3 11. 33531 5,8, 13114313.
-111111-111111113,35,1111111.3. 1181.

⁴ -11111-111111111,11111-11ιο1111,3,311
3131. - iem-iem 3, 35, 38 11. 514 3. -
‘⁶333 iem 1111111 31311111111111 4, 53,3

1111811111 31131131131111 1113111311111 3, 3
3311313. 3311 3,11,311833.- 11111-

333333 13-2-53313344481 3333.
1111313311431.

111111,1111111111,3,13,311343.

-1111111111, 1311313114, 11 ,3311. 3343. 335111
4,,13811. 313111 5131114113.

1411111111111111, 111111,11,1111,1113,,1
111.133.,313811.311.--1111111111111
5,35,1311 4313. 4381-111111111- 11

345

8,11,111.831.- m eedem perseverare
4, 53, 11 11. 3433- 11111111111111 111111-
1111111,4,33 13313.

1311113111 3, 33, 31 11. 833 3.

11111 111, 33, 35 11. 3133.

11131111114111111111111 811111 3 4, 311341,

''⁹3⁸3'‘3'3'33?⁵3, 8317331 31⁶ 333
[11111111 und 11111111113 11551.

1111311113, 1, 311. 8353.

1111113313,31,11111483.

19111111,111111111311338,1 1) 8133

1311111111 3, 33, 31. 1431.

1111 11113113311111111111 Helden der Ge-
11511311 3, 3, 34 11. 33 e. — 11111 aetate 1111-
11111114, 31,3 11. 33331 3, 3341151311
5, 31, 1 11. 4531. - 13111111,111111”1113,
31, 33 111333, 1311. - 11111 131-11111,
aet 311-1111 3, 3, 2 11. 3111 4, 33, 13
11. 333 e. - Und sonstzureumischung dee
Subi. 3, 13, 311. 343· 5,,13,1311.4431.
-131-11113, 35, 3811. 5143.

311133111541.

1111111114, 8813513

13111114, 8, ’811Ρ 13513

1111111111 dies, 30:03, 1, 811 413. 431.

1111111111, medentum, 8, 41,4 118333. 8341.

11111111, 3111111115,1,1 113111.

imitare· 1111 werhen 1111 1111111, (1111111111 der
Kunst gleichen, 3, 3, 13 11. 11 e.

imminere, 3111111111111 113111111111111111-
1111111111111 der umpriingliehen 1111111111,
3, 3, 13 11. 14113.

1111113111111111111111113111113,1,111534113. ,

imme 1111111 3, 11,8 11. 5333.

immortalitas 13, 13,1 11311 e.

impedimenta, 1111111111 3, 43, 33 11. 8833. ,

§emerere Censet. 13,3, 13 11. 8831. —- 11111
nee-ee, 11111111, pecuniam 3, 3, 33 11311.
-1, 1131111 11131111133313114341.
-11111111111118,4,33111333.

imperem faeere 1, 38, 11 111313.

imperitare 4, 33, 1 11. 3531.

Imperfectum Coniunctivi 3, 8, 33 11. 53 1.; 3,
34,11 11. 153 3.; 5, 13,13 11438111 8, 4,
33113311 8,13,35 111481. - erederet
4, 41,33 113331. 3.

Imperfectum 1111111. 3, 3, 5 1). 51 ι. -111111
11111111113,1,8 11,131. 133. ·

1111Χ11111111111 11,131111111111111111111111111 11131111-

1114,1,3111333,
1111111111,31111115,1,1 113331.
(mpetum 11111111, concipere 5, 33,1 11 483 3.
1111111131313111131. -
11111111111111111111111111 3, 3, 13 11. 18 3. -
numerum, 1111111111 3, 4, 4 11. 383. - 1111-
111111,1ο1111111114,1,111.13811.
1111111114, 13, 34 11. 3333. 3311. 4,,54
1311343111 4,,31 11113331,
1311111111111111113,31,1111.1311.- 1111-
11111111331111, 33, 33113313.
111111113111111111,1113111313383311351.
1311111113,14,111141.

1111111314331111331160

 

