SPRAGHHGHES REGISTER.

tomentum, 31115311, 4, 14, 13 1. 3151. -
31115111, 4, 8, 3 p. 1331.

11111114,14,131.3131.; 8,15,1311.1441.5.

11111113, 5, 13 11. 331. 5.

111 11111 apparatuque 51111 3,18, 1311. 331.
- 1111131111, 1111111111111 3, 13, 5 p. 35 5.
- ηιξ-1111 3, 35, 38 11. 5145. 11111. 4, 53,

tractare (1111111114, 13, 11 1). 333 5.

tractus 111111 aquaram 3,13,8 p. 53 5.

trahere, 1111111111111111111, 11111, 1111113,
1,3 11.35.- 11. canam 4, 53, 33 11. 355
5. - 11. 51111113, 13, 811311. - 11. 111-
9111111 3, 3, 33 11. 33 5. —— 11. 1111111111 3,
15,1311.151.- 11.11511113,35,1311.133
1. - 11111111 111111 al. 4, 33, 15 p. 3431.

111113111111311111111 4, 8, 8 1. 134 5.

tramam-rm, 111111111111111111 3,3,1311. 5341.

transire 111 1151111111 11111111· 3, 33, 411. 5411.
4-11111111111111111111111 111 1111111113,3,3 p.

11.

11111111111114,5, 31 1118111 3, 13, 11 1.
8101.

transnatare, 1111111111 1, 33, 15 p. 3885.

trepidare 4, 43, 14 11. 3131.

tributam 11111, 11111111 3, 3, 33 p. 33 5.

tricesimus 5, 31, 13 114581.

1111115111 5, 31, 13 11. 4581.

11111113, 43, 31 115315.

111111111511,11111111111111111118,33,8 p. 1831.

1111111111 1111151151511, 111 8111111111 3, 3, 33

1131 1,1 3, 33, 111.1111.5.-1.11111111-
1111115, 33, 11 1. 415 5.

tum, 1111 1111 baim 1111151111 31331134
1. 5.; 3, 34, 1 p. 151 1. 5. - 111111 vero
heim 11111115 des 811111 3, 31, 11 1. 135 5.;
4, 43, 33 11. 3345. ·- 111111 maximo, 11111
quummaxime 3, 5, 11 11.341.5.; 5, 33,3
p. 458 5.; 3, 31, 13 p. 5481.

11111111113114, 33, 34 113331.

tumultuatus 1111111111 1, 3, 38 1). 3141.

tuna, Badeutung, 3, 33, 31 p. 1515.

tanc und 111111 1111111151 4, 4, 33 p. 118 5.;
4, 13, 3 1133311 4, 15, 33 1). 31851 5,
13,3 1143351 3, 33, 8 1. 51311 1,1,1
1133311 tuac und 111111 1111111151 3, 3,
5 1. 531. - 1111511131151111 3, 13, 3
11341. - tum 1111 heim 1111115 311
811111 3, 31, 3 11. 135 5.; 4, 43, 33 p. 3345.
- 111111 maximo, 111111 quummaxime 3, 5,
111341513,31,1311.5481.;8,15,15
11. 145 5. - 111111 11111111, 111111 primum 3,
33, 33 111535.- 111111 1111111115, 1,31.
433 5. - 11111-111113, 35, 38 11. 514 5.

tunica manicata 3,1, 13 11. 44 5.

turbidas, 111 turbido 4,14,18 1). 3111.

carris, 11111111, (arran, 111111 3,1,111.131.;
4, 13, 13 p. 3331.

111111 11111111 11, 1111111111 3, 35,1 p. 5515.

5581.
11.
Ubi-abi 3, 35, 381. 5145.
1115111111, 11511311. 11111111, 3, 3, 11 1. 151.

351

111111113111111111,11111111113,1,31.35.-
ad 1111111111 3, 1, 1 11.131.- 1111111 1111-
mum 11111114,43,311.3381.; 13,14,311.
1134511351.

1111111 aa· 3, 35, 11 1,1335.

altra 11 311111111511151111. strategischen
8111151 3, 33, 5 p. 1131.

1115111511 1111113111 3, 35, 31). 133 1. 5.

11151111511111114,33,31 1). 311 1. 5. - 5113·
1115 1111. 3, 33, 33 p. 583 1. - 1, 13, 11

ambram 5,13,3 1. 4341.

111111511111111111151181111514,133413311.

ande in 11111151 81115 3, 1, 31131.- 1111
111111 1113111111 3, 1, 3 1. 31.

1111111111 11111111 3, 3, 13 11. 151.

1111111 a 111115,33,4 11431 5. 4331.

11151 15111131111113,1,811.135.

111111 4,3, 11 11. 1135.

usqua 115, 15 usqae, 111111 111 3, 33, 18 p.
1531. 5.- 111111 1113118, 31, 31 11. 1131.

11111 51111 3, 3, 33 11.311.- 1111111 1111111111-
11Ξ1ἳ111111111111111111111111 1, 1351. 3315.
3 1.

111 511 5111511511131113111151111111111 3, 4,
3 p. 33 5. - 111-11 3, 35, 38 p. 5145. -
111 11 5, 5, 33 113835- 1111111115,
18, 13 p. 4435. - 11 111, 11111111, 1111111
3331143115. ·- 111 11111, 11111111 fieri
3, 31, 33 11.1331.- 1111111, 1111111111,
11115111, 1114,43,811.3331.

11111111, 11111111 aaut 1,13, 35 1. 3551. 5.

1111111, 1113111111 3,11,8 p. 5335.

11111111, eanum, 3, 13, 11 11. 13 1. 5. 8311
3, 33, 33 p. 8581.

afflig& 11811831. 5. 11111111
1. 1.

V.

111111· 3, 38, 33 p. 1345.

valera 3111311. 13, 5, 43 1). 833 1. 5.

valetudo, 1111111311, 3, 11,1 11,815.

1111111, 1111111 3, 3, 13 p. 533 5.

11111111111.1111111111111111513,1,311511.

vanitas 3, 5, 13 11. 385.

1111114,5,331.1831.5.- 11111 111114,
53, 8 1. 3431.

vapor 11111 (1111111111 3, 13,1 1. 341.

1111111 1111111111 3, 15,8 p. 533 5.

111, praee 3, 13, 35 11. 8385.

vasa 11311111 3, 3, 13 11. 3181.

amaa, Beaeutung, 3, 13, 8 p. 11151 4, 41, 5
113345.- 1111111113113111113,13,311.331.

11, 111-11111-, - 11 4, 53, 11 11. 3435.

1111111, 1111111151, 3, 8, 33 p. 531. - 1111111·
111111, 11111111 3, 8, 33 11. 531.

115111 limum, 1111111151 Elusa 3, 1, 3 p. 35.
- 1111111 11511 aliquem 3, 8, 33 p. 531.
- 11111111111111141533313555.

11131313 113351 5,4,341.3841.5.

vola 1151111111 3, 1513118385.

111111 3,1, 13 11. 431.

11111, 1111111 1111111111 1111111111 1111111111 111111
1, 13, 5 1. 331 5. 3331.

 

