,1. mmmmm ⁵5 ·‘ 11
1111111111 11111111, 11 1111111111 1111111111 1111

111111111111111111111111111 0111111111 11111111 1111111111 dieses (1111111111 111111
01111111 in 11111111111111111111111111111- 1111111111 1111111. Τ. 1, 1. 11111 m: 111 111111
11111111 von 1111111 (11111 1111111111 11111 111111111111111-11111111111111111 11111
11111111· 111111 111111 2, 1. 181) 11111 dem 11111111 111 111111 11111 1111 ame-mum
111111111111111111111-1111111 11111 111111- 1111 1111111111111111, 111 11111111 11111111
11111 111111111111111111111111111111111- 111111111111111 1111 1111 11111111111111 11111
mod-AM 1. 111) 1111111 (111 nonnum 111 1111111111111,11111 11111111111111111111
’1111111 und 11111111 11 1111111111 1111111111 111 11 11111 1111 11111 1 1111111 111
vird. 111111111111111111111111111111111111111·ι 1111111111111111111 de 11111 11111111· dot
Errorschung 111 11111111ωά11 111 hier 1111ΙΙ 1111111111 11111111 11111111. -0111111111111
111111111111 1111111111 111311111111111, 1111111111 1111 ,1111111 11111 1111111 on
111111111111111 werden 11111,1111111111111 111 1111 1111111111 1111 1111, 111 1111111111
1111111111111118111111111111 11 besuam 111 1111111111 11111111 111 1111111111 1111-
111111 1111111111· 1111111111111111111, 111111 ammos,- 11 11111 11111 11111111 11111111 111
111111111111111· 1111111111, 11111111111111 1111111111111111, 111 1111111111 1111111111
von 1111 811 1111, 1111111111 1111111111· 111·Ι 1111111 11 [1111111111 (111). ce 111111 111 11-
111111111181. Τ111.1,1,11111111111 de 111111 11111111 111111 11111 11111111 111
11111 11111 11111111 1111111111111111111111111 111111111’111111111111111’111111111 11111
1111111111 11 111 111111 1111111111 11111 111111 11111111 111 11111, 1111111111 1111 1111111111
1111111111111111111111111111,1111111111 1111111111 par 1111 1111111 1111111111, 1111
du 11111111 11 11111 1111 111 1111111111 11111 11 11111111111 1111111111 111111 m,
11111111 1111111111 11 11111 111111 11 11111, 111111 111 111111111111 111111 11111111·
1111111111, der 1111111111 11111111111111111- , 11111111,111’11111111111111111,111111111
1111111111,111111111111111111111111111- 111 111111 11111111 111 1111111 11111, 11111111Ι
1111111111111111111111111,1111111111111111111- 1111111111 1111 1111111111 11111111 11 Kar&
sobosotneibung 111111111111Τ11.3,1.1111, 111111 111 11 1111111111. Co 1111111111
mm 11111 1111111111 an 111 81111111 1111- 111 1111111111 por 111 1111111 111 1111111 11
1111111. 111111111111111111111 1111111111- 11111111111111 1111111111 11111 11111111 11
non, 111111111111111111111111111111111111111- 11111111111111, 11111111111111111 pour 1111111111
111111111161111111111111111111111111111 1111111111. 1111 111111 11 11111111. 11 111- Ι
peu 1111111111111111111111111, 1111181111. 1111· 1111111 1111 1 1111, 11 1111 111-
1011111111 1111111111111111111111111111111111 11111111 1 1111 111111 1111, 11111 11111
1111111111111 1111 111 11111 du 11111 11 1111111 1111111, (1111111111 111111 11111111
1111111111111,1111111111111 111111111- 111 11111 1111111 1111111 11 11111 111
1111 111111. Tol 11111 111111,111111111’· plus, 1111111 111 11111 par 11 11111 ‹mo- .
111111. 1111111 111 1111111111 nord 11111- 111111111, 1111111111 111111 1111111, 1111
1111111111. 111111 11111111 1111111 111 1111- 111111 11111111 1111 11111, 11 111 111111 111 1111·
111111111111111111111111111111 1’11111111111 1111111 de 1111111111, 1111 1111111111 1111111111.-

1111111111111111111111 11111, 11111111 1111111 1111111111 1111111 1111111111. Lo 111111

1111111 111111 1111 11111111 11111111. Tollo 1111111111 11111 11 111 1111111111 1111

111 11111 (11 Panae, 1111 11111111 1111111 11111111111111111111 11111111 (11111) 111

1111111 111 11111111 offro 1111111 111111 111-1 1111 1111111 1111111111 111 11 11111. - m 11111111

111111111111 do 1111111111. 1111111111- 1111 111111 11 1111111111 11111111 11 11111, 11111
“111211111 11111111111111111Β111 111 (1111111 1111111111 11111111 111111 111 111111 1111111 11111

von 1111111111 1111111111111111111111, 1111111111, 11111111 111 1111111111111 1111

111881 111-1111 du 111111111111111111 111111- 11111111 1111111111 111111111111111,11111

1111111111 1111 1111111 Taurus 11 1111111111 111 11111 11111111 11111 111111 11111111111111111411,

11 mr, 11111 11111 1111111 111 mammenus, 1111 11111111 111111 11 1111111 11 1111 11111111-<
111111111111111111111111111111111111111111 111111 1111 111111 111 11111 pour 1111111111

11111111, 1111111111 111 nord 111 1111 1111111- 111 Xenophon, 111 1111111 11111· 11 1111111111

urdo 11 1111111111, 1111 1111 [11111111 1 111111111111111111111111111111111111 11111-

111111111111 1111 domi-cerole, 11111 1111111111· 111111111111111111111111111111111111111111

11111 11111 111111 11111111, 1111111 1111111111- 1111· 1111111111 1111111111. apres avoir 11111

111 1111 111111111111111111111111111111 11 torrent 11 11111111· 11 1111111111 11111,

11’11111,1111111111111111111 1111111111- 1111111111’111111111111 11111111 111111 Ι
1111,111111111111[11111111111.,-111111111 111111111111111111111 11111111 111-
1111111 111-1111 (1111111111 sind hier 11 sehr 11, 1111111 -d 11111 111111 1111111111 11111
11111111 Sinna ιιι 1111111111) (11 Pius, 111 11111 11 au 11111111 1111111111, 1111 11111 11
1111111111111111111111 du 1111111111111 va, 111111111111111111111111111111111111111111·
111 11111111 1111111 11111111 1111111111· 111111- mer, 111 co 11111111111111111111111111. ·- 01
111, 111 111111 11111 do 8111111111. Die 111111111111111111111111111111111111111.

 

