' 111111111111111. m 4. 1. “ 231

1111111, T'ngn'nqno 11 Amen, 1111111111, mogun 1111111111 1111ίὲ11.
venedum 111111111111111111111 snorum 1111111111111 111 Ἥὴω,
Hyrcaniam, 311111, 1111111, ooeoni 1111111, quando 1111111111 no 51111111
11 Arachosios nominem, ceterosque 11111111111111111 Tanaim 11111111

Arnen. 0111111111111111111111111 1111111111111.113,4,11. 3, 28, 111. 4,11, 8.
’ 1111111111,11111111111111111111111111- 4,31,14.1,54,11.11,11,11111311,
1111111 111111 1111 (113111. 5, 13, 7. 111, 3), 34, ²¹3 1111 11 3, 14, 4. 3, 31, 111), 11111111
11111111 111111111111111111 111111- G. 11111111111111111111 11111111111111.
11111 (1.1111. 114, 111), 11111111 11111111 brancho 111 1111111111 1111111111 11111-
11111111111 1111111111. 311111111111 11111, 1111111111111, 111 Alexander 11111111111-
111 1111 11111311111. 111111111 11111, 1111 1111111111 11111111111111 1111111111. 11111
1111111 111 11111111 111 manum 1111111111- 1511, 111. 111 moon 1111111111 1111111·
1111 111111 111· 1111111 11111 111111 1111 1111111111 1111111111 orant: 1111111 11111,
111111111111111111111111111111111111,11 1111111111 111 suono 11111111 11111 111, 111·
1111111 11 11111111111111111 1111111 111111 1111111 1111 11111, 1111 111111111 1111111-
11111111118111111111111111111 111111 1111 1111111111111 und 1111111111 1111. 1111

111111118111111111111,11111111 11111111- 8111111111111111 1111 1111111111, 1111111, ⁸.

111111 111 Person 1111 111 1111111111 er· 11111. 11 111111 1111111 111 nudam

1111111111. 8.1111111111111,1,1.148. 11111111111111111111111111111111111111 ,

1111111 ,1111111111131 11111111 111,,1111- 1111111111 11111111111 81111. .

:gwffi'ffifflmmfffflnffi 1111111111. S. 1, 15,1 111111111111111·

look-⁸. 1111. neon) 11111111111111 1111111111 ³⁰0⁶⁶⁰¹¹⁰¹ 1111111 Oxum 11111

1111111 1111111111 111 Persepolis 1111 ”⁰¹⁰¹ 'mum mm Μ·
111111111111111111111111111111111111111-. Uno. lenm· 111111 11111 1111111.
111111111111, 11111 111111 11 111Τ111111 Laid. 1111 1. 2 1111. 11111111 111, 111
111,111111111111111111111 war, 111111 111111111111111111. 1111111111. 1111111111
’111111111111111111111111111111111.11111. 1111111111 1111, 111 mr 111111111111
curt. 5, 11, 2. 1111111111 111111 (1. 111111111111. 3, p.
2 “ 3111111111111112111111111111111111111-
mima, 11111111). 1111. Voss. 1. 3. 1111111. Wenn 111 1111111111111 Wiener⁴
111111111111. 11111111111111111111111- 11111111111111111 1111111111 1111111111
111 1111111, 1111 1111111 1111111 1111 1111111111111111111111111111, 1111111111
1111111111 (s. 111111111111. 3, p. 10811. 11. 11 men, 11111111 in 1111181111 111 811111-
11111), 111111 11111111 Alexander 111111 111 111111111111111111111111111111111 111111
1111111111111111111111111 1111111111 111 1111 1111111111 1111 (1.111111111111 ent·
(1111. 8, 44) 111 111111 111111111111 1111- 1111111. 1113, 11, 1. 11111111 11111 11
111,11111111111111118111111111111111111- 11111 1111111111, 1111 111 111 11 111111 1111
1111111111111 11111. 111111111111 1,1,1. 1111111111111111111111111111111 11111-
11111. 11111111111111111 11 1111111111, 111 11111 11111, 111 11111111111 1111111 11 111
1111111111 1111111111 Choaspes, 1111111- 1111111 81111111111111111. · ·
111111 1111111111 111 8111111111 111 Lemaire

2,< wne ιο. 111

1111 Arnon 1111111 1111111 1111 1111 1111 ‘¹⁶⁸ G⁶d⁸¹¹¹¹⁰¹¹⁸ ⁸¹¹⁸ ‘¹0¹⁰ zusflmmflnhflnso

1111111111 1111111111, 11111111 111 01111111 '¹¹⁸¹ μω ³⁸¹·

11111111 vom 111111 111111. 111 1111111111 11 - 111111. 11111 111 - nomino 1111-
111111 1111111 111 111 111111 Δ. 1. z. 1. ooo· 111111. 1111 1111111111 111111 1111111111
1311 11111111 Δ111111, 1111 umen 111 111111111111 11.1.11111.1111111111111;
11111111 111111 111, 111111 11. no 1111 111111, 1111111111 1111111 11111111 1111111, 111
111 01111111 (1111111)11111111111111111- 1111111111 stone so 1111111111 1111 quando 11
1111111. 111111111111111111111, 1111111111 aditorum 8111111111 11 Arachosios 11111111
11111111111111111111111, 11111111 11111 11111111 notos. 111111111111111111111111-
111 1118111111111 1111111111, 1111111111 111111-111111111111111111111111111111111111
11111111111111111,1111111111111111111 1111111111 1111 11 11111 1111. 11. 1111. 1’.
11111111111111111111111111111111111111111 Boos. 1111. 11111. 11111. 111 1111111111
11181111 111111111111111, 111111 1111111 11111111111111111111111111111111111111
111111111111111111111111111111111111111- 1111. 1111111. 2: 11111111, 1111111111 1111-
111111111111111111111111111111111111111 1111 111 1111111111 11111 1111111111 111

ultum. Ι11111 11111 in uo. 11111-

 

