350

05, 55 13, 55 tt 155555 3, 21, 11 5. 1205.
1215.

55355555 4, 30, 13 5. 250 5. 5.; 5, 13, 21 5.
545 5.; 8, 20, 21 5. 1545.

5555511555, 355515, 3, 25, 4 5. 113 5.

55555555 8, 23, 20 5. 102 5.

5511555515 355 5511515155555 8555555 3, 22,
21 p. 1310) 5. - 551. martum 53 os 8, 24,

55155 155555 4, 21, 5 5. 238 5.; 5, 18, 14 5.

obliquum 555555 4, 55, 1 5. 345 5.

obluctam· oblivioni 1, 1, 0 5. 003 5.

55551 15115 3, titt 5. 35 5.

5555551 1555, 5155155 5, 25, 12 5. 4015.

obsidionem 5515555 5, 24, 34 5. 5515.

5551555555 55515 3, 18, 12 5. 32 5.

5551515515 (155 551155555555 8555555 3, 5, 13

5551155155 53 5115551555, 53 silentium 8, 4,

obstrepere 4, 38, 20 5. 233 5.

55115555 4, 5, 30 5. 1845. 5.

obterere 15 der 55111155155555 ,8555555 3, 5, 10
5. 20 5. - 551. 1555155 8, 3, 23 5. 125 5.

5555515 555 4, 21, 13 5. 252 5. 5.

55555555555555151555155115 5, 4, 21 5. 385 5.
- 55511555 martur 555515 occ„ 11555551 5555-
115 arbitrium 555. 5, 20, 1 54515. - 55-
55511555 55555555 1, 11,4 5. 0215.

5555555555 3, 21, 21 5. 1015. 1085.

555155, in 555115, 15551555, 3, 14, 3 5125.

offerri, 551515 5555155 3, 5,1 5. 41 5.

offundere 5511515555 555115 4, 14, 15 5. 210 5.;
4, 31, 15 5. 232 5.; 4, 40, 20 5. 320 5.

oiim 8, 5, 43 5. 120 5.

omen 5551555 in 51155555, iri aliquid 4, 0, 13
5. 108 5. - omen 55515555 5, 8, 15 5. 4035.

omittere 555511155555555 3, 4, 1 5. 23 5.; 3,
15,115.155.; 4, 5, 30 51845. - vergi.
4, 20, 11 5. 250 5.; 5, 30, 0 5. 413 5.

55515555125515551555 3, 23, 21 5. 140 5.

omnir in 1555155555 mit 55511555 3, 2, 10
5155.

5555555 55 5155 4, 11, 5 5. 2255. 2205. -
dotorem 4, 34,3 5. 281 5. - 5. 5555115515
5, 14, 12 5. 4345. 4355.

55555 155155 555115 5, 12, 21 5. 4285.

5555155 praemiii t, 3, ‘23 t· 000 5.

555555 51 umbrosus 5, 13, 3 5. 434 5.

555555 551 8, 33, 31 51805.

5555551 heim Cultus 8, 30, 11 5. 1845.

5555 4, 23,1 5. 250 5.

opimum 35555 3, 21, 1 5. 124 5. -· 551555
555115 1, 13, 40 5. 0505. 5.

5515 3, 13, 13 5. 505. - 555 5515555 5, 34,
10 5. 4815.; 5, 3, 13 5. 5235.

opportunitas 5555551 8, 45, 18 5. 801 5.

5515155 5, 21, 3 54115.

opulenta 55515515 5, 21, 10 5. 413 5. -
15515 5555 8, 23, 25 5. 102 5.

5555155 Gegensrtz 155 51155, 551555, natura

sPRAeflLlessFs 5555555

15513,1,15.105.- amalfitanum
330 5· ¹723( sum Wram-

5555515 551115 5555 3, 2, 10 5. 185.- 555-
ouium 5153555 3,2,18 5205.

55555151555554,35,55.2855.- arim*
5555514, 33, 5 5. 235 5.

5551155 5,33,12 55115.

mimam t,11,3 55555

555151 5511551 55 51.15555,1,35.5205. -
55555 5511515555 1555. 3, 1, 5 535.

5535 15 35551111515155555 8555555 32412 5
1155. -— 15 5531555155 «1,45, 13 53135-
55315555555551551555511115151555558555555
3, 5, 13 5. 31 5. - 5551155 3, 24, 12 51155

5515155555 1555555 3, 3, 22 5. 225.

55, ora uruntur 1, 20,5 5. 115315- 5515515
5551555435135255ι- quitquid
51515551,551555151555551551,Ἆ1,1 50505,

ortium 15 555 geographiam 8555555 3. 15
0535

55555 4,21, 20 5. 2545.

Ρ.

Pallor 3,12,3 5. 05 5.

5515554,13,105.2115.5.212ι.·-5.15-
1511555553, 10, 23 5. 8305,

5515555 5555555514, 13, 10 5. 21155. 2125

555551, 5555151 51515515 3, 255 5. 1215. -
555555 5 1555. 4, 8,8 5. 1315. - pam
55551551155515555 4,13, 14 5. 2315 -
555515155115255555535 4, 53, 11 5. tm:
5, 1,4 5. 31 5.

parentam 5, 20, 1 5. 4505.

55555155, 1551555 1155155555, 5, 40, m 5.

555555 3, 3, 23 5. tt 5.

pariter 55, womtettuug, 3, 12, 2 5. 515-
555115551-518, 15,13 514115.

5555, 55511555 4, 35, 2 5. 283 h. 2815 -
555 55511555 51555 4, 2, 13 5. 113 h - 15
51155155 55511555 51555 3, 28, 18 51315
1325- partium 1551555845, 13 5115
5,-15 55515 5515153225 555115-

531“”3.331”’3313 153131
45, ιί p. 55555555. ²

particeps 5115. 551 51155515, 24, 35 mm

3555515155 1151551 551151 nm 115115 du 15·
515515 3, 2, 10 5. 155. - lm 55555. 55
11555. 1555511. 515 verrottsundtgug 155
3555115515 3, 3, 13 5. 20 5. 5. 3

Ρ5Ξ11515. 5151119 *ἐς hypothetisohen Situs 5 ,
⁶5, 5 5. 5. . ’

55555 511515 555 4,8, 10 5. 1305.

55155555155155555151 4, 45,5 5. 3135.

551151115555155555, 3,1,8 535. - μ

55151551 4, 48, 15 5. 3285. - 5551555515
0, 32, 25 5. 553 5.
patriti maior 555 der 115115515314132

013- 555554,40,145.3185.5.;4821153311.
· ΡΜ, 1111133111,15555515515515,15115555555

3, 21,8 5. 1255.

 

