Mffluffifflnmmssffln OM

11111111,Ι·“1111111111111111113 3,11 ,1.115. Nicanor, 81151 11111111111,5,1,31.3031., ,
14133333114 111111111111 3,,35171..,57413,14,.,,.,7450175
434111181131311 -111111-371331118.

1114, 33, dp. 1185. Nicanor, im 1111111111111111, 0, 15, 15.
Memphis, 4, 5, 30. 4, 13, 45. 4, 30, 110, 11111111· 111 111111111111111, 8, 45, 13

31,13. Nicarchidas, im iiccr Aiennders, 5,11, 11
1111111111111 31111111111111, 10, 33, 1. ,1. 4551.

Menedemus, 111 11111111111111, 7, 18, 14. Nicomachus, im 111111111111111,3,15,1
7, 31,31.34. 7, 38, 11. ,1.5585.

Mones, 111 11111 1111111111, 5, 3, 43 ,1. 333. Nicostratus, so 111111151111, 8, 11, 3.

Menidas, im 11111 1111111111, 4, 45, 4 1111114, 13,3. 8, 33, 3.

p. 313 1., 4, 50, 11 13501, 4, 33, 31. 1111113, 7, 13.

7, 43, 11. 1111111111, 011, 11 indita, 8, 33,1 111115.
1111111,0111111511111111,5,1, 13 o. 3781. 5. Numidia 13, 3, 17.
111111111ὗ1111ἑ813111111111, 7, 11, 5 ,1.311 5., Nysa, in 111111, 8, 35, 7.

3, 1,·. ,1. 1.

1111111, Vatcr 111 Thymodes, 3, 0, 1. 3, ⁰·

35, 14 01511, Artaxerxes 111, 3, 35, 11 o. 1331,
111111,1111ο1,111111111111,8,35, 11 ’11,5, 7 1.5111.,3,13,15. 3,14,1. 13,

17815. 17, 13. - Scina Gemahiin 3, 35, 13. -
Mesopotamia 5, 1, 15 113781, 3, 4, 3. 3, 81111 ’1115111 3, 35, 11. - 81111 Nichte 3,

13,.1. 4,35, 1. 4, 30, 3. 0, 8, 13. 10,3,13. 5, 7.
nortmannicis. 4, 34, 11. 01511, der 8151 111 1111111 3, 8, 111. 505,
11111111,1111111111111111111,10,11. 0,33,,.73 3,13,14. 3, 31, 13. 4, 43, 3. 4, 55, 11.
11111113, 1, 11, 01511,1,11117,40,15,1.7’105., 7,40, 13
11311117, 1318107311 4,0,.37 4,13,13. ,1..7035

8,0,8. 0111111 10, 3, 45.
111111113,17,3.3,33,17.4,,4815. 8,3, 0111111111,1,111,11,·11. 10,18,33.

31. 8, 41, 13. Olynthius 818, 13.

Mithracenes, 1111111, 5, 30, 0 ,1.4351. 5. 0111151111111511, 11 111111, 8, 41, 4 ,1. 733 1.,

1111111111, 1111111, 5, 0, 44 11304, 3, 30, 0. 8, 43, 14.

Mithres, soi, 4, 43, 11 ,1. 315 1. 53131. 5. Onomastorides, 11111111111111511 1111111111

. 1111111114,14,11. 4, 34, 13. 5111111111, 3,35, 15.

Moeris, 11511111 111111, 3, 34, 18 11. 8351. 011511, 011 11 syrten, 4, 1, 3 p. 138 5.

11οέ11111, 1111111111 8111111 5111111111, 3, 0111131311, 01111111111111111,11111111111,3,

, 3,15. 38,· ,1.871 .,10,1,1011. ’
1111111, Voti in Asien, 3, 11, 17 o. 5315. 01111111111111111111111,4,50,18113331.

Maltinus, 1115111111, 11111151111111111, 8, 011111, 31111 11 1111111111 111 111511 sicera,
3351. 7881. 5. 1,111,1ρ.1141.1,ι11,11.

Musicani, 111111111111113,3Ι,8,1.8001.5., Oron 11110111111114, 13,4 o. 130 a.

3, 31, 10. Orontobates, Perscr, 4, 45, 7 11. 3151.
1111111 3,17,4. 01111111111111, 5, 33, 3 [14351.

Mysi 3, 15, 30 ,1. 851 1. Orsines, 11111114, 45, 8 n. 3151. - 10, 4, 11

,1111111111 χιτὼν 1111111513, 8, iio ..475 ,1. 8110 1. 5.

,1111111113 8, 1011411 1. Oxartes 8, 10, 11 p. 747 5., 8, 0, 15. 17. 3331.

01115111, 11111111111111111,3, 17, 8. 3, 35,
Ν· rnnsnpsnnrnn;ammo

Nabarzanes, Genosse 111 Bessus, 5,13, 13 1.0735.-81111’11151113,35, 13.

3 331 3416138123 μ’1Μ31ὴ3131181113 ⁰¹3⁸io¹o¹2¹⁸i ²r'riila' Β 316311 ι· π’ ω’ ¹³

11111111. 1,’11,1 131, ’11. 1,·1111. 11111111111111311111,11,·1111111.

111 munfflmnnmmn.
Nachtnachen 5111111311111 11131111511, Oxydates, 1111111, u: 5, 11 o. 513 5. 8, 13, 17.

3, 11, 11 μ. 138 1. 011111111, 1111111111113, 13, 15 p. 833 5.,
Nasamones, maturrimam, 18 p. 103 b. 0, 17,·14. 3, 18, 13.

173 1. 011111, Persen, 3, 41, 13.
1111111811111118, 8, iiio. 7331. 5. 7341. 3μ1111ς11111153, 1151. 175. 181.
Nautaca' tn Sogdiana 8, 8, 13 11. 7131. 5. l,

ma.wrmnpmr.

1111111111,111151151511111111111,3,38,3 11111114, 38, sto. 1345, 4,,40 11.
,1.1115.,10,. ’1 ,101 10,10,10.11. 11111111114,1,4ρ.11115.,4,1111.

1111111114,17’,.’5 1111113, 8, 18 ,1. 475.

1113111,8111111111111,0,1313118355. 111111,1111,1,1.1,1·1,1·1.1,1,1.11,

 

