Resistet

1111
die 111111111111 1111111311.

Δ.

1, 1111113,13,01.1131.- 1111111513,
1 1. 430 1. - a 111111 1111111111 5, 1, 3
14041. - prasimae 10,43,181.511
1,1. - a 111111181113,11,111 514 1.;
8, 30,5 1. 1101. - 111111, 1111111, ala-

, taribus 3, 3, 19 11011- alaim 3,13,
1511011- 1111111,11,11 1,131
1.- 111111111114,40,81.1911.-
adommin 1,1111.;·4,51,31.338
1. - a 1111111111,1111111[1111111110,3,10
1. 501 1. - a 111 811111111111114, 11,1 1.
1511.1001;5,10,11.4531.

abdicari 1111111 4, 31, 3 1,1151.

abditam 5, 0, 40 11311 t.

1111111111 auribus 0, 5, 5 1. 511 1.

,1111111111 11111, i 3, 4,1 1. 1111 4, 34, 1 1.

1801.; 4, 38, 11 1. 11311 4311011111
1.; 4,511,11 13501.;5.11,111.4111.;
J 5,11,41.4011.; 1,311,1 1. 1041-
1111111811111- 1. 11111111111 1, 11,4
.1.831.;4,11,11.1081.;4,35,11.183
a- 11111114, 14,18 1.1111.; 4,13,
1311411- 1111111111 1111111 3, 4,
1148ιέ. 141. - Am. 11111. 11111115, 35, 1 1.
1.
abnam 11111 11111115, 11, 13 1. 4111. 4101.
abripi 1111111111ρὲ 3, 11, 8 1. 01 1.
abripere 4, 11,1 1. 115 1,1.
11111111111111113,11,8 1011.
abscidere, abscindere 1, 11, 11 1. 84111.
abaciam, abaciam 1, 11, 15 1. 118 1.; 5,11,
11 1. 41111.; 1, 41,1 1.1111.; 8,11,1
1.1311.; 10,11,111.1011.
11111111,11,1,1,81.5111.
admirabilia 10,14, 18 1,1181. ’
1111111111 4, 10, 11 1,1011.
1111111111 ramas 1, 35, 10 1. 8081.
11πί1111111 10,14, 18 1,1181.
dardi 1111 Tude 3, 5, 11 1. 341.
11111 11 11111111115, 151.311.; 3, 11,
11.051.; 3, 19, 5 1. 1511 3,10, 11 1.
111.;1,11,111,1181.;4,1,81.11111.;

4, 33,1 1.1181.; 4, 45, 11 1. 3181.; 4,
5118135414 4,113,311.31151.; 841,
418031- 1111111181.1101.;
4,13,311.3551.;5,0,431.3131.-
11 111111011135, 14 1. 8081. - aa —
-qaa,aaaaa- 113,33,111.1541.1.-
1111 411 11,-..11
1 1 · ⁸ '¹⁸' ''¹'' 1
1111115011.

1111111111111 caiis 3,11,1 .041. - 11-
11111111 ianam 111114,1,111. 1181.-
111. 11111111451, 11 1. 1511. - alig.
11111111 0, 41, 8 1. 1811.

1111111111, 0111111111 3, 0,1 1. 311.-
accersi, 11111111 0, 43, 18 1. 5111.

11111111 3,11, 14 1. 1111. - 111. 11114,
8,8 1. 19411. - acaia deditiomi 1,15,
1 1. 11181. -- 111.11111’11111118,10,11 1.
1411. - 111. austrum 8, 30,3 1. 1101.

11111111111, 0, 1 1. 1101.

1111111111 nui 111, aa4,11, 1 1. 10511. 1.
-11111134,11.141.-1111111,11
111 811111 1111111111 [1111111111 3, 31,1
1.1541.; 4,3,15 11141. -111111,11
111 griechischen 111111 1111111111 Numan 3,1,
10 1.141.- 1111111, 1113,1,1 1.101.;
0,5,1 1.5111.; 8,11,41.1381.-1111
im, 114,5,11 1,1811.-111111,1113,
11,141.1131.;4,11,1 11051-1111
11, aa 4, 13, 15 1.1431.1.- 111 (111
Frage 11111111 1111111111111111 111111. 3,
1,11.131.541.-- 111 1111114, 5, 30
1.1831.- 111 adam 3,13,11 1,111.

aciat, ira in aciem 1111111111.

11111111, 1111111118,11,41.1381.

aculam amittere, 1111111111 4, 54,,13 13411.

ad, ad eam 1111115,11, 11 1. 4111. -· bei
’1111111111318 1. 131. - 1111111111 11111
111111111111111111 3, 0, 1 1. 41 1. - 111
1111111111 3, 11, 11 1. 1311.; 11141
1. 3911. - ad arbom Ancyram 111111. 44·
111111111ρί11 3,1, 1 1. da·— adsidam
11111111 111 4, 3, 15 1.1141.- ad 11-
maiam 11, 41,3 1. 5851. ·-· ad 11111111 111-

 

