Q. 1111111111 vii xiii. 11. . 1 113
1111111111111111111111111111111111ὼι1111ῧ111111111

111111111111111111111111111111111 11111111 11111 11 M 11 hminum

.· 1111, 111 1111111 nium, 11111111111111 11111111 111 11111111 1111111 111111 1111-
111111, 1111 11 ponticum 11111111 1111 mun 11111 11 Charmarum, 111111 111111 111-ο

ἵ 111 1111111111 1111111111 111 1111111111, 11111 11111111 111 111 1111 11111 111111
1111111111111111111111111111. 111 11- 11 81111111 1111111). 11111111 Poma» .

i 1111111111 111111 111111111111 1111111111 1111111111111111111 11111 11111111
11 11111111 11 111111111111111111111111. minor 111111, 111111 111 «oli Hori-i·-
111111111111,1,1 p. 111. 1111111111111 1111111111). ,11111

= . 11111 from 111 ,11111111 1111, ino 11111

1, ii, 11. 1111111111 1111111111811 11111 11111 111 11111 1111, 111 1111 11111
11 δ’ 1111111111 1111 1111111 11111111 11 11 11111111111111 o! 111 11111 1111111·

, 1111111 1111111111. 11111111 81111. 111. 111111. 111111 1 11111111111111111.

, 111 (1111111 διαχειρίσας ῤ’ 111111 (111 Tim 1111111111 11111 11111 11111111·

, 111Ρ111111111111),- 111 πόλιν 111111, 1111(11111111111,111111 111 1111111111-

] 11111111111111111Βαιτριανιζιὶδιὸψι- 11111111 1111111111111,111111111111111.
111 1111.- 1111111111111111ς 111 1, p. 111 11111 Worto 1111111111, 111111
mitium 1161111 111 111 11111111 symm 1111 111111111111111111111111111, 11111111
'iipussu 1111 τῆς &mik -1111 111111· 11111111 11111 1111111111 1111 111111
rige 1111111111 iiiior 111 Pium, 11 111111111111111111111111111111·

; 11 11111111 1111111111 111 (inim 1111111111 1111 1111),111111 11111111 11

³ 11111111111,11111111111111111111111111 1711111 111 1111111111111111111111-
1111 1111111111111111 11111111111111111 111111, 1111 11111 1111111111 1111 111111·
11111111111111 111 (1111111 1111111 11111- 111 11111. 1111111 11111 11 1111 o! iiip-
111111111111111,11111 111111111111111 1111, 111111 11111 11 111 jamim 11 111 ’

1, histor. 1111111. ciam 111 1. 11111111 111 111111111111111111111111111111

1 1111111111 11 111111 11 11. 1811. 1111111 1111111111. (1111111 11111111111111

, iiiiii. 1 1. 111111, 11111111 1111111. 111111 1111111 11111 mm 11111111111111-

; 1111111111111111111111111111111111 1111, 111 iiim 1111· 111 1111111111 11 111
mii 11111 111 11111. 11111111, isim 1 11111111 os 111 1111 mm 11 1111 11111).

1 1. 81, 11111 11 11111111 expeditionibus 11111111111111111111111 1111111111.

j 11111111 1111. mim 111111.,11111.1Β1. 1111111 111 11111111, 11111 111 1111111 ,

3 θ. 1. 11 ii. 111 1111111111 1111111111, 111111, 1111 111 11 11 1111 pm 1111 11

, 11111111 ωἰῑῦωξιξίεἰοωμκ 11111· heim·- 111111 111 11111 or 1111111 111 111111

i 111 1111111111, 111 11 Enim 1111111 11111111111111111111,1111 11111111 ⁴
11111111,111111111111111111111.1111111111- 1111 anidani. 1111111111111111111
111111111111111111111111111-1111 111 11111111 111 tour 111111 11111111
111111111111111111111111111. 1. 111. iiiia (111 1111111111. 1, 1111 1111111 111111·

* 11111111 Dalii, 111111 111 1111111- 1111111),111111111111111,· 1111111111
1111 11 111 111 1111 111 11111111 111 1111111151111111 111111111111111, 111-
1111111111111111111111111111111111111- 111 111111 1111111111. 11 1111111111 of
11111, 111 111111 1111111111 11111- syrin, 11111 1111111111 111 1111111
11111 1111111. (1111111111 inuenerit, (1111111111Μ1,1.1111111111111111111·

¹ 1111 111111 111 1111111111 1111111111 111· 1111111111111111111111111111111111
111111011111111111.) 11111 1111111 111111111111111;1111111111111·

· 11111 11111111111111111111111 111111- 11111 11 eron 111 water 1111111, 11
11111111111111 11 1111111 (1111111 111111111111111111111111111111111,
1111111111111111-11111111111); 111111· 1ο 111111111οά 11 111111111111111
11111 11 1111 0( 111 (11111111111111 1111111111111. 111111111111111111111
111111111111 1111111111 111111 111 11111 “ 111 1111111111, mmmm& 11111.
imm, 1111 1111111111 (11 111 11111 111 111111,111111111111111111111111111111111
1111111111111111111111111111111111111 111 1111111, 11111 111 mm 111 1111111111
im 11111111 11 0111111111). 01 11111111,1111(1111)1111 1111111111. 111
11111 11111111111 111 1111 11 1111 o! 111111111111111 111111 111111111111111111
Μ, 111 111 1111 11 1111111111 111111, 111 mon 11111, 111 111111 1111 1111111.
m ii 11111111 111111 m o! 1111 (or 111111 1111111111 111111 111111 sitii 111 vair·
ω 1111). 111 mosi 111111 11111 11 1111 111111Ιί11 111 111111 111111111111111111,
⁰i‘ 11111111. Boii 1111111 111111 1111 1111111111 111111 11111111111 1111· 1111-
11111181111. 1111111111 1111111111 1111111111111111,111 1111111111
quaiaviiiaae 111111 1111111, 111 11111111 11111111111. 181111, 11111 -
mini 1111111111111111111111111111. 11111 111 11111 11111 from 11111 io . *

· Α

 

