111 Q. cUnTss RUFI vn. V. 17.

quod unum'noeoesim 1111111111, init Utres quamplurimos stramentis 1111111

1111111111111111111111111.1111111· 11111111111111111111111.1111111111- ,

. 111111111111.111171111111111 1111111111,11111111111111111.111111111. 1
111111 namt 11111111 romannorum, 11111,1111.01111111111111111111. 11-

111 1111111111 mmmm 11 1111 11 1111111111111111111 11111111111111111111
11111111 1111111111 111 111 1111111111 11111111111111111111. 111) vird 11111
11111111111111111111111. 11111111. 1111111111111111111111 1111111111111.Τ.
1. 1, 111111. 111181111111111111111 11118·1111110111111111011111111111· 1
11111111 111111111111111111111111111 11111 1111111111111111111111 sor 11111 111
othon, 11 111 1111111111 11111111 111 1111111111,1111111111111111111111111 11111,
1111111 1111111111 un 1111111 11111111, 1111111111111111111111111111. 11111111-
111-. 11111.1.1,111.1’1.1,1.11;Τ1- 1111 [1111111111111111 1111111111111 111111
11111111111111111111111, 11111111- [my. 1111111111111111111111111-11111 1
11111111 tm 11111 11 11111111, 1111111111 11 1111111111 1111111111 1111111111111111- ,
1111110111 1111111 111111. 11111. 111111 111111111111111,111111 111111111111111
11111. 1111 1111111111 111-1111111111 21111 11111111, 11111111111111 111111111111.

- 1111111111Τ.2,1.11111111111111111 11111111111111111111111111111111 111111
only 11 1111111 11 11111, sor 111 111111111111111111111111111. S. 11111
111111111111111111111111111111111 11111, 13. 11111111111111111111111111 1
111111 11111111111,11111111111 1111111111111111111111111111111111, ³
1111111111111111 11111111111111111111 nnn 11 11111111 1111, 111 1111111 1111·
1111111111 1111111111111, 111 1111111111 1111 zu 1111111111, 111111111111111 1, 211
111111111111111111111111111. 1111111111 111111 0111111111111111111111 1111111111
1111111111 11111111 1111111111 0111111111 1111111 11 11111 lb} «1111111111 Ἦ
11111111111111111111111111111111111111 ὢν 'Aue 1, 11 τὸν 'stem 11111111 . ,
1111111111 1111111111 11111111 11 111 111111 μὲν πλοῖα φ’ 1111111 1111111111, 111-ὸς 11
111111111111111111111111111111111111- 111 11111111 τῆςΣ ςχ11111 1111111
111. - 1111111 111111111111111 1111111111 11111 1111 man 1111 11111111 1111111 111
1111111 111 1111111111 11 111 111111 111 1111111111111111111111111111111111111111
11111111111111111111111 111 (1111111111 111- 11111111111 1111111111111,1111111111 1111
1111111111111.1, 1. 111. 118111111111111111 1111111111 1111111111111 11111, 111 Alexander .
111 11111111111111 111 1111111111 111- 11111111111, 1111111111111111111. 1111111
1111111 111111, 11111 1111 11 111 amount 11 1111111111111 fiber 111111 11111 1111 nm
1111 1111111111 11111111 11 1111111111111 1111111111111111111111111111111, 11111 Rom
for 11111111 1 11111, 111 111111 o! 1111111111111111111111111,11 11111111,
11111 11111 11111111, 111 [1111111111 11111111111111111111111111 0111111111
11111 11 111111 11111 111111 111 111111 of 1111111111111111111111111111111111111-

, 11111111,111111111111111111111111111 111111111111111111111111111111111-
11111111111111. 1111111.Ι 1111111111 11111 1111111111,111111111111111111 11111-
1111111111 11111 11111 11111 11111111 111 1111111 1111111111 111111111111 111-
11111111 11111111111111111,· 111 1111111 111 111111111111, 111 1111 11, 1111 neue
111111, 111 11 1111 1111111111111111111, 11 1111111 1111, 111111111111111111111111111
1111 111 1111111 11111111 111111 11 1111111111111111111111111111111111
1111 11 111 111111 11 11111111 1 11111111111111811111111111111111
11111111, 11111111 11 11111 1111111 111111111111111111111101111111111111-

, 11 11111111, 11111, 11 111111 11. 11111111,111111111111111111111111111111.

- 1111111111 1111 Alexander zu 111111111111 111 11111111111111111 1111 den vei-
11111111111111,11111111111111111,1111111 1111 1111111 zu 11111111 (donn so 1111
11111111-11111111 1111111111 1111111111 man 111111111111111111 111 111111 1. t. 1
1111111111111111111111 11111 1111111111 Curt. 1, 11, 11 1111111111), 11 11111 1111
11111111111. 1111111111111. [111 111111111110111111111111111111,11·
111111111111111111111111111111111,111 11111111 1111111 1111111 111 111111
0111111111111111111111111,’1111111111- 1111111111111111 11 11111 1111111111 11111-
111111111111. 1.1111111.111. 11111111 11111111111111111111111111111, 111
1111111111 11111111111111111 11111111111111 11111111111111 1111111111 1111111111
111 1111111111 111. 1. Ebu 1111111 1. 111. 1111111111111111111111111 111111-
111. 111. 1111111111 1. 111111. 1111, 111 11111111111 111111111111111111
1111111.1,1.111,1.1,11.111.1,1 1111111111111111111111111 11111111, dm
111,1.1,11.1τ.1,1.11, 1111111111. 1111111111 1111111111 11 11111 1111, 111 111
1111111111 11 (1111111111, 1111. 11111111 1111111111 11111 noch 1111111111 1111111
1111121111 1.111,111111111110111111111 111111111111111, 11 1111111111 1111111 Win-

 

