353 SBRACHLICHES nffilsrssn.

1111111151, 1111111114, 11, 1 1. 2241.; 5, 24, 111,11111113.1,51.31. - 111 nubi 3, 13.
21.41155.; 1, 1, 15 1. 311 b. 3121. 313115- vis 111114122121151
11151111511515,2,121.3131. -11111 11113113, 2, 13 1151 - 5111. ÷
veneficm percussor 4, 44, 13 13111. 3111311331 3, 2, 131. 151. - eim Cape· 5
υεηενὲἇὲο 15 corpoream maiestate 3, 13, 23 rii, 111111, publicae 11111 13, 1115 11111 =

1. b. 1. b. 311 1.
venustae 5, 4, 24 1. 3341. viscere 4, 55, 22 1. 3145.
11151511515111111 3, 21, 13 1. 125 5. 1231. 1115111 calor 3, 123 1 115 1. 5. Ι
verbera 4, 48, 1513215. 3231. eruere 15111, ee 11115 3, 25, 3 11221. .

1115155551 1111111 115111 151 3111155551 vocare, 1311111151 1111311113, 1111. 3111
eines Begritrs 3, 3, 3 1. 55 5.; 3, 5, 12 1. 1111111151 1111111111,.111111111113,45,151,
11545515. 3511151151115515111111111131515- vamba· 3, 5, 13 1. 331.

1551 1111151111151151111311111115115151 15111111115.11111115111111511513,3,51.5ῖι
andern 115 1151151551511115 substantie 11111· negotia 5111111 5,31, 13 114315
15 11115115 3, 34, 11 1. 11131.; 4, 41, 41. voluptates 5, 3, 311 1. 333 b. 331 ι

3241.; 4, 31, 11 1. 3535. 3331, - nin volutare 51111115,23,3 1. 41111.

1115515 15 1111151111511 3111151551 5111 1115 suscipere, reddere 111 - 3,11,3 1 31

11110511111511155511154,13,2111.2231.; 1.; 3, 41, 1 1. 533 5.

4, 33, 22 p. 233 5. vox 1111114,11,211.1511
verecundus 3, 111, 231. 31 1. 1111111, 11111131 15155435, 2 1. 23315.
1111115515 111115,21,121.4555.4531.5. 1111115323 1.4331.; 31331 11411
vero 5115 3115151153, 13, 5 1. 3515- w

0

vero, 151· vero, 1151 vero 5115131151111 3,
114Ϋᾶ121113, marm 1, 15, 11 p. 1115. 1151555111 desselben wones 1, a 111.
1111111 re 111 omme 1113131511 3, 23, 21 52 5.; 4,14,131.2151.; 1121125151

vemt? 311111 4, 31, 13 1. 2101.
vertere 11511115 al. 4, 3, 13 1. 1335. - ira

4, 14, 13121311 4, 231 124311 511.
11. 4325.; 5, 2321. 433 5.; 1, 13, 311
115551 1321113311.

1151151515, 111 111 rabiem 111114, 11115115115511551111,11111,511,111311,1111

23, 23 p. 2515. - 1155 bene verteret 5,
14, 12 1. 4351.

1111113111. 1. 5, 35, 23 1. 514155ῖό1.

1151111111551. 3111115551 3511515 als 111-

1111115, vortex 3, 45, 15 1. 333155.- 15 der 11115511 des 3111113, 4, 1 1. 23 b

geographiscben 31111513, 1113 1. 531.

vesei 15 mensa 5, 3, 14 1. 433 b.

vespera, prima 1111111 5, 33, 13 1. 4355.

vestibulum, 11111115, 1, 13, 14 1. 3435. 5411.

vestigare 4, 25, 5 1,2415.

vestigia 51111· 3, 21, 14 1. 345 5.

111111111111511 5, 13,1 1. 4331.

111113111151551, 3, 11, 3 1. 41111 5, 23, 1 1.
4331. - veterem 111151 renovare 1,1, 1

vetustae 5, 4, 24 1. 3341.

vexatio 5, 15,21 1. 433 1.- 1, 31, 131. 1331.

vibrare 11113, 2114 1. 123 5.

vicem reddere 4, 42, 23 1. 3351. - vicem,
ercombertus 151. 1, 43, 23111115.

victorimus, exercitur, 1111111111 3, 23, 23
1. 132 b. 1331.

videlicet 5, 31, 10 p. 431 1.

viror 3, 13, 13 1. 13 5.

vilitas 111· 5211, 1 1. 411 1. 5.

„imm 61 25, 2 Ρ. 558 b·

1111111115 epistolae 1, 3, 25 1. 3131.

riggewere, 1. ee onerare 4, 11, 5 1. 225 5.

1.

vir, 51515 virique 3, 41,1 1. 3331.

51111, 13115113,23,251.1315.; 4, 41, 13
1ὲ231ι111. - wirpiret 11111151 3, 32, 21 1.

111131 1, 33, 13 1. 1321.

virtus 1111151 3, 23, 13 1. 3555.

Bas 1115515 finitum 151 dem 1511111
gen 1111151111 151 3151511 des 311111 ni 11
155115 desselben 3, 1, 3 1. 11 b. 12113
3,31.555.; 3,34,31.1531.5.;4.3122
1. 2335.; 4, 32, 13 11331 5.; 4, wr-
332 5.; 3, 13, 31 1. 54111.; 11, 41131 1511
5.; 1, 21, 14151115.

3111115151 11511515 555111111511511111
(1115 ersten 1551511115 15351111 3,1,1 1
131.5.; 5,12,211.4235.; 32111311
1.; 1, 21, 14 1. 5521.

(1111551111 3111155111111155111 baim
115 3551 des 311111 5115 dem 25111111 »
eines ξ1314111111111111 5, 13,3 1. 4311 b.: 322

31111551 155 inquit zviseben den 11111·
15111115 1111115 3, 31, 11 1. 14351431

3113551111 15115111111151151111515·
gen §guen 11111 3115115153, 31, 111 111
5. 1 1.

Das 31131111515351311. u sebius
(1113111551 3, 2, 131. 151.

31131131115115 1111111111 1511 «111-
1151115 3111111 im 1115135111 1111111111
3,5, 121.3111.; 3, 1531533111 &ab
1. 1231. b.

311355151135511111 11111 eines 1113111
3551115511 1111115111 vaticinium 111111»
15111111 3151111 1111311111 3,1,3 1122

. 1.5.; 1121113551.

 

