654 SPRACHLICHES REGISTER.

1555111515115 5, 6, 26 11. 6845. sapittarius, 511151 sapittariees, 15 muralem
reatus, 1165115115 4, 16, 8 11. 266 5. - reeta 8111115 6, 1, 1 11. 65.

15115115, 111515 6, 6, 16 11. 511151 1, 26, 4 salubritas, salulrer, Bedeutuag, 6, 16, 16 p.

p. 686 5. 185.
recuperare 4, 5, 6211. 1861.; 6. 21, 11 115485. sanetus 6, 16, 5 11. 65 5.
recusare 51111111. 5,4,6 11. 28 5. 15515, 1, 611. 6125. —- baedeommon sane
reddere voto 6, 11, 6 11. 861. - r. sorsum 6, 2, 14 11. 115.

5, 15, 25 11. 468 5. 15151551151116111115551811155555,66,111.
redimere morte 5, 16, 18 11. 4465. 4185.
redum 6, 24, 6 11. 856 5. satellites, armati, 5111111511· 661, 1611561155.
1115115511 seruilium 4, 44, 16 p. 6665. - satietas 1151155, epularum s‚5,5 15511 5.

reti, auid placeret 4, 44, 16 11. 666 5. satis 155151, 5111111, samus, eredere, uin ι.
151551154,26,21 11. 265 5. 5. 6, 6, 21 11215.
refrenare, 115111555, 4, 66, 6 11. 6565. satrapa, satrapamsasmpese 6,22,26 1155111
sepia 15 1151515111 8111115 6, 5, 6 11. 512 5.; 1, - satrapen, 1555115666, 111. 151515,

1,411.6665.; 6262115465. 1625115615.

11115, iu 1511511511 1111111518,46,2611.8625. satrapea, 1511511155,6,4411.664 ις ⁵, 6,
151151 praetor, repis praetor 6, 65, 28 11. 514 5. 11 p. 466 5.; 5, 12, 16 11. 426 5.; 6, 16, 25
15151511, 11511655, 6, 1, 6 11. 8261. 11. 5615.

remes, 111 55655ῑὶ15111 8111115, 6, 1, 1 11. 65.; scilieet 551111 61551511 6, 16, 2 p. 64 5. 5-

4, 14, 18 11. 211 ab. 8151111111 5, 18,14 p. 4415.
remittere 4, 16, 26 11. 226 5. 5.; 6, 42, 2611. seeare 5, 2, 14 11. 6115.

586 55. 1551515, 1111551515 1, 2, 16 1166611.
remos aptare 6, 65, 12 p. 8685. - 1. 551151- seculi 1514, 61, 16 11. 656 5.

pere 6, 65, 16 11. 868 5. 1151111115,11115511111155,4,28,6111.2585.-
15111116, 15115265. 5215. seeundo 51515, aestu 4, 66, 6 11. 25655.
renouare 6, 66, 1 11. 146 5. - reu. ueterem ,- rsulli-seruudus 5, 28, 6 11. 416 5.

51115111, 1, 1 p. 6625. seeurus e. Gen. 5, 26, 15 11. 418 5.
reparare 5111111514, 61, 1611. 2665. - 6, 21, serus, 651111115111 1115111 6, 4, 1 11. 265.

11 11. 5485. sed, 11511-15115,26,611.4515.- esen--ui
repraesentare 6, 46, 66 11. 51141. 51151116,44,6611.5655; 6, 65, 26 11. 516 5.;
reprehendere 4, 52, 2 116681. 5. - 11511 111515-1116, 11, 12 11. 62 5.; isit
11111151555111165115115511 4, 4, 21 11. 118 5. 26 p. 6815. - mou-modo—seel 111511.

-- 6, 26, 26 11. 554 5. uon-modo-sed-esiam 5, 6, 26 11. 411
reputare 111 6, 21, 26 11. 1615. e. 5. -, ree—quidem, sed 8,5,44 11. 1265
1515151426, 11 11. 256 5.; 4, 61, 16 11. 666 5.; sedes, sedes urbium 6, 16, 16 p. 66 5.; ,1,61.

6,61, 21 11. 561 b. 511, 4165. - sedem 5111515 urbi 1, 211, 16
1511511515 8, 12, 11 11. 1665. 11. 6865. - 55511111 sedibus suis 6, 5, ti
respuere 4, 26, 8 p. 246 5. p. 26 5. 661.
restituere 8, 26, 26 11. 166 5. seditiosae 55551 1, 1,4 11. 666 5.
resudare 5, 2, 12 11. 616 5. Ἳ551111511111118,21,6 11. 156 5.

11611511 4, 5, 66 11. 184 e. b.; 6,1,511.5265. semisomnis, semisomnus 8, 11, 8 11 166 s.

521 1.; 16, 15, 8 11. 665 5. semiustulatus 6, 26, 62 11. 556 a.
retro redire u. Aehnliches 6, 21, 1411. 1265. sesses iustioresque 8, 4, 61 p. 126 5.
reuolui ad 15111111615111111, iu sollicitudiuem 1511115511,511515511155,4,21,5, 11. 2685.

4, 42, 61 11. 6665. seuiores, iuuenes 8, 4, 61 11. 126 5.

1111115 5515111616 115215. 15111514,26,611.2465.;6,11,811.5665. ,

ritu 6,16, 16 11. 685. · sententia 6, 11, 8 11. 5665.
111111,115111555,4,6,16 11. 168 5. seorsum, seorsus 5,1,6 11. 4655.; 1, 16, 61
robur, 155515 virorum 6, 5, 16 11. 66 5. 11. 6165.

rostra, iu, pro rostris 4, 46, 16 11. 666 s. 5. sequi 111115 15 1151 1511115111155511 8111551156,
15551 6, 26, 25 11. 858 5. 5, 16 11. 61 5. - sequi 1511 der fulge des
medis ad 6, 21, 6 11. 548 1.; 8, 8, 24 11. 165 5. corps in (151 111115 4, 45, 6 11. 616 5.
15155111 55111554, 56, 6 11. 6415. seruare ordines 111 11511111165111555511 81115151

rumpere plodio lora 6, 2, 18 11. 26 5. 6, 5, 16 11615. - 1.15111511115111,15111511111 l

rursum, rursus 1, 26, 1 11. 656 b. 6, 68, 12 11. 586 5.

rursus 6, 21, 21 11. 1615- 1,551111151115. si-at, 5115111511 6, 16, 2 11. 665. 6455. -
1. 6, 21, 14 11. 126 5. 1151155151,116,16,11 115465- spem

“ 115111515555111115111 55,116,14,611.125.

s, - si 111111 511514,25,2511.2511.5.- ¹
-51115,5,6611.6865.
8551515 1111 Cultus 6, 1, 16 11. 41 5. 115-115 6, 65, 28 11. 514 5.
saeuire 111 tectu 8, 64, 6 11. 182 5. 1155111 4, 66, 16 11. 2665.
15111515 5, 6, 66 11. 661 5. sieque 1, 66, 11 p. 6645.

 

