' 11111111111111111115· 111·
Promethea 111111 1111111111 tradit ”Condendae in 1111111111 montis 1111111111

111111111111111111111111111111111111- 11111111 1111111111 amplam 1111111 “
111, 111 111 1111111 111111111111 11111111111111111111111111111111,11111111
81111111. 1111 1111111111111111 11111 111111111111111111111111811111111111 -

111111111111111111111111111111111 111111111111111111111111111 1111- ’

Annus 1111111 1111111111 worden. 111 1111111111 1111 1111111 811111 Ι. 1. 11, ρ. 115
111111 11111 1111111, 1111 111111111 111111111 111111111111111111 11 1111

111111111111111111111111111111111- 1111111161111111 τῶν χειμαδίων fimus ’

1111111111111311111111111111111- Ἀδραψα 111111 111 Βακτριανῆς. 1111111 11111111
ben vird? 11111111111111,1111111111111 111111111111111,111111111. 11111111111, 8³:
in 1111111111111111 mitten 111 111111111111 τὸ ὅρος τοῦτο 11111 πλάτος 11111111 iu ἠμίραις
111111111111 1111111111111111 11111111 111111111,1111111111111111 1111111111 ·
11111 1111,11111111111111111111111 spatio caucasum superavit 1111111111. 111
1111 11111111 111111111111111 111 1111111 1111111111 8111111111 zu, 1111111. 1, 211, 11
11. 0111111 ρ. 225 1111 111111111111 111· Δράψακα 111111 111111 011 11 1111111111
niun 11111 1111 111 1111111111 11·- 11111, 111 111 Alexander 11111111. 111
111111, and 11 11 111 1111 11111 111 1111 1111111 also, 111111111811111111 11 111
11111111 11111111 11 1 111111 111 1111 111111 11111111111111111,1111111111111111111-
=, 111111 natam 1111 1111111111 11111111 11111111. birgspnssnge 111 Eudo 111111111, 11111 111.
1111111111111111 11111 111111111111111- 1111 noch 11111 ganz 11 111 1111111111 1111111
1111111111111111111111111111111111, 11 1111111 sein 1111111. Nun 1111 11111 111
1111111111 11111111 1111 11111111 11111111111111111111111111111111-
1 11111111111 11111113111111111111 11111111Ε11111111Ι11181111111111
1111111111111- 11111 so 11111111111 111111111,1.1.1111111111(1. 01111111111111.
1111111111111 11 11111111111113111111- 11111 111111. p. xxn: 1111111111 1111 1111111
111111111111111111111111111111111111111 misy 1 11111 or 11111119 placo after 1
111 1111111111. 81111111111111111111111115, 1111 Journey) angegehen, 1111111111 111
ρ.115(11511)1111111111111111111111111- 111111111111111111111111. 1111111111
11111111111111111111111111111111111111 11111 11111 111 1111113 1111111 (1.111111111111.
1111 11111111 εἶχόν τι 11 ἀριστερᾷ τὰς 1,ρ.155)11111111111111111111111111111 “
ἀκρωρείας. 111111 111111 111111 111111 Ι111111111111111111111111111131111111111
1111111111111111 1111111111 111 1111111 1111111113111111111111111. 1111111111
‘ 11111 1111111113 11111, 11111 111 1111 111. ι). 141, welche 811111 1111 1111111111 111.
“ 11111 1111111111 111111 1111111111 1111111111 111111111111111111111111-
1111111111111111111111111111111111. 111111ο111111111111111111111111111111111-
8. 1111111 11111. 8, ρ. 141. 11111111 11111111 111111111111111111111111111111111111111-
, 1111111111111111 ’11111 111111111111 11111111111111111111111111111111111111
² bezogen 111111111111, 111 111 11111 11 111111111111111111111111111, 1111 1. 11111

11111111 111 111111111111 111111111- 11111111111111111111111111111111118111111 ,

’ sus, 111 1111 11111 11111111111111 ,1111111111 1111111111 111111111111111111
1111111111 111. 11111111 1111 1111 11,· 11111,1.1.1111111111111111111111

’ 1111111111111111111111111111111111111, 1111111181111111111111111111111.

11111111111111111111111111111111111111 Gelungte 1111111111 11111111, 1111111 11
111811111111111111111111 1111111, 111 1111 ’11111111111111111111111111111 111-
111811111111111111111111 1111111111 111 1111111, 11 11111 11111111Τ1111
v 111111-111111,11111111111111111 111 11111111111111111110111. S

' 111111111111111111 8111111111111- (111111111111111111111111-1111.111111

rung 1111111111 ganz 111111111111. -11111111 ρ. 118-111 11 11111111111111111111811111.

· 11111111111111111111111111111111 111111- ’ 111111111 11111111111111111111111111111,

111, 11111 111Ι 11111111111 111111111 11111111111111111111111111111111111111
1111111111 111 Alexandria 111 111 111111 11111111.1111111111111111111111111111111,
111111111111111111111. 111111111111111 111 1111111111 111 1111111111111 11-
1111111, 1111 1111 1111111111111111· 11111111111111111111.11111111111111·
111, 111 itinerum 1111111111 1111111111, 11311111111111111111111111111111,

’ 1111111. N. 11. 1, 11, 11 1111, ,1111111111 111 11111 11 111111 8111111111111111111

oppidum quinquaqinta 11111111 0111- 111111111111111111111. Ε11111111111111 .
1111111111. 1. (31111, 11111111 1111 sou, 1111 111111111111111, 1111 11 111111111111
1111111111111111111111111111111 perventum 111. 111111111111111111111
boppone 1111111 s. 11111111 111 111111. 1111. zu 1111111 11111 11 weston, 111111 11111-
1. 1. ρ. 81. 11111 1111 1111111 1111111111, 1111111111111111 01111111 1111111-

11111111111 111111111111111111111111- 1111, 111 moysen 1111112111. 1. 1. 1811

 

