333

11111 4, 31, 13 11. 3331. - 13111111111110,
3,11 11. 8883. - 1311111113 4, 30, 13 11.
3331.3.-111111113111134,33,411.3331.
-11111111111133,5,1311.311.- 11131113
voluptates 3, 30,3 p. 5481.; 8, 3, 34 11. 135
1.; - 13-11111114,31,1811.3101.-
adsumam aareearrere 4, 5, 30 11. 183 1.; 5,
38,3 p. 4133. - 113 cetera 4, 3, 1511. 133
1. - addae, ad haee 1111113111 4, 30, 13
11. 33531 4, 41, 4 11. 3341. ·- ad 11111
11 1111131 1111111 3, ³,4 11. 331. - ad dac,
ad 3111111111, ad id, ad id 11111111 3, 31,
11 11. 1303. 13111 4, 5, 30 11. 1833. -
ad 311 111111113133 11013- 1131111-
11111111113113,13,1511.101.- adaitimam
3, 1,1 11. 101. - 3111311311113 1111311·-
position 11 etnam 31114, 5, 30 11. 1841.

adaperire 3, 33, 34 1). 3513. 8581.

addicere eredaiitatem 11111111 1, 30, 8 11. 081 3.

1113111114,1,11.11ο1.;1,3,41 1133311
8, 38, 33 11. 1811.

13113115 11.841.; 10,8, 11 113311. -
11311 111, 33, 35 1). 013 3. — 1311111111, 111,
adea 11111, 111 -- marr 3, 33, 33 11. 153 31
1, 4, 33 11. 003 3.; 10,11,411.3001.-
adea 1113 ne- quidem 1, 33, 35 11. 313
3. - 111111311 13113 8, 30, 11 11. 113 e.

adequitare 4, 33, 33 11. 3341.

adesse praetorio 4, 33,4 11. 3301. - adeste
ia 1113111111, 13, 11 11. 031 b.

11311111 3, 8. 3 11. 5331.

3111111111 1111331131313133, 13 11. 183. -
111 bitte 3, 34, 3 11. 153 1. - 111 asar,
3111111113, 3, 1,311.51.; 4, 31, 13 113103.
- 1111111111 1111111131111111,8,11 11. 53
3531. - 311. 11111. sing. 1111111330,
4 1. 1331. - gen. 1111111111. 1. 011113,
11,4 113331 5,31,13 1141311 0,41,3
11535131 3,1,1 118151- 31111111.
plur. 4, 5, 31 p. 135 3.; 4, 13, 13 1131331
4, 15, 33 11. 3331. - 331. 11 11111111 11131-
3311311 substent 3111131 1, 31, 15 11. 1110 b.
- 31111113 des 431. beim substant. 3, 11,
8 11. 30 3. 31 1. 3.

adiicere latitudinem 1113111 4, 13, 8 11. 303 3.
- adiicere absolut 8, 43, 13 11. 805 3.

adire 4, 33, 3 11. 335 3.

aditur, 1113111113, 3, 3,3 1,5431 0,31,30

adiungere eibi nuptiis 4, 31,1 11. 335 3.

adminiculum corporis eui 1, 1311110313

admittere 3, 30, 3 11. 144 3. 1451.

admodum bet 31111313111111 4, 38, 34 p. 3341.

1311111111 4, 10, 34 11. 3301.

admovere mit 011, Α11.,133, 1, 1 11. 41.
- adm. desideriam 4, 13, 34 11. 330 31
3, 3, 13 1). 5133. ·- adm. [1111111111 3, 10,
14 11113- adm. pectori, 1111115111 0, 14,
411. 538 3. - adm. re stipitibus ardorum
{5¹4¹ ἔθ’. 143 3. - admovet 1311111 3, 18,

11. . 1.

adoriri, adortae 11111 1111111 1101. 3, 1, 0 1131.

1311111113,1,1311.443.

advehere 4, 1, 3 11. 130 3.

SPRACHLICHES 1133133113

1311111113,11,1511.133.341.

33111311 111 111,111114,31, 18 11. 3101. Vtut
advertam, 1111111111, aearum.

1311111111· a 1111133314 11. 1383.

advertam, 1311111111 3,3,1 11. 541.

adversar, 1311111111 3, 0, 1 11. 541.

advertere 3, 33, 34 11. 135 3.

(13111111,11111111·1111111111’11113,13,31.311.

1131111111 31111111, 1111111Ι 3, 33, 35 11. 1381,

(1111111110, 33, 31 1155531 1, 1313115303.

13111114,30,13 11. 3031.

1111111111111111111111343, 1811135 a

1111111313,3,311.311.;3,13,101.313

1111111114,10,3511.3331.

aquare aititadinem 4,10, 13 11. 3031.

1111111114,1,111.111111111 - mis
eiritmt,t,tp.5ttttr.- amisarius.
11111118,30, 30 11. 154 ι.

11111114,13,3511.3331.

maiman, existimare 4, 13, 111 11. 331 11. -
aestimare 1111111115, 33, 3 11. 4101.

aetates 8,3, 13 p. 13411 0,38, 13 118531

1111111114, 4, 33 11. 118 3. 113 t.

aqere praedae, domines, ceneta 4, 5, 31 a
t85b.; 3, 33,1 11. 8143. - affere m
1111111111, eamieaiam 4, 3, 8 11. 134 3 -
11111111313111111 ad 111-31111 4, 14, 15 a
3153- 118111111348, 13 113311.-
111111 aamemraptim 5, 13, 34 11. 4403-
1111111111111 1111111111115,31, 10 114813-
arere paenitentiam 8, 33, 33 11. 1111.

deverare, 111111111410, 10 11. 3111131
4,13,3 1131031 33333 115551.

α13111114,13,011.3103; 33333 115551

11111131,113111111111111111111111.31,11111

avitare 1113113111111 0111113113 11311.
-111.1.111.3,11,311.5333.

13111111114313 11.1103.; 3131011113
1. 3. - 1131111118,33,14 11. 18311.

alere 31131111, materiam 31111· ti, 31, 13 11. 54113

1111111- aiiae 0, 35, 38 115151. - m a'e‘at
11111111 quam 3,1, 13 11. 441.

1111111111 terror 1, 3,4 11. 3101.

11111111, alioqum 4,1,5 11. 1313. tm

aitqaamam 11111111311111111111 armat ii, 11.
31 11. 543 3. 5431.

atius, 1111111111 3, 333 11. 113 ι. 3. - aiens
1111 aiter 4, 1118113313 - attae, eii-
1111111, 31113. 4,13,1 11. 3083. 3031, -·
aiiae 111111 atius 4, 0, 3511. 1811. -· aa·
1111111 11111111111111 3, 1, 13 11. 44 e. - dius
11311 1111111311 4, 31, 33 11. 313 3. me:
1,13,11 113453- 331-11111333
38 p. 5151. - atta 1. Asia 1111111131.
48331

11111111 11111 mam 3, 13, 30 11. 545 3 543 1. ³

10111111 5, 10, 33 11. 4433. 430⁸.

aiteram 5, 15, 18 11. 430 3

1111111113, 35, 30 11. 853 3.

111111,1111113,1,1311.403- m« cen
11. 5, 33,4 114313. 4331.- 11111
mmdmwamm

aime, alti 111111 rammi, atta quin 1111113 .

3313 1153013

 

