949

151515111515111, 1551515151 1, 9, 2 11. 999 5.
15 c. 1151, 15 Ario solitudinem socero 8, 21,
19 p. 1915. - 5515111511 u. 5. 8, 21,8
p. 159 5. -— 551 concidero 3,1,41).15.-
551 111551181925 p. 148 5. - 551 recipi
9, 41,3 p. 585 5. - 15 nullum 115115 di-
15515 4, 38, 25 11, 294 l). 2951. -1111515
offundi 4, 92, 29 11. 392 5. - 15 1151151155-
5551 copore 4, 28, 29 p. 258 5. - 15 co-
11111111 clementia 5, 22, 1 15458 5. 5. - 15
1151115111151111551 doro 9, 25, 1 p. 558 5.
— 15 corporum 1551511515 5511515115 9,19,
29 11. 545 5. - 15 conspectu 51515 3, 4,2
11.245.; 5,1,211.3115.; 9,42,1311.5815.
- 15 manibus 11511 4,19, 13 p. 2395. -
15 codem 115115551515 4, 59, 11 p. 349 5. -
15 expellito 5115 3, 3, 21 p. 215. - 15
omnis 1115 4, 25, 3 p. 24151 1, 3, 29 11.
9955. - 15 codem consilio 5115 cum ol.
5, 29, 2 1). 499 5. - 1111155115, 15 coslo 3,
9,4 p. 39 5. 5. - 15 initio, 15 principio,
initio, principio 3, 9, 3 11. 55 5. - 15 515515
551515, 8, 14 p. 498 5. - 15 stom, 11515,
15 1151111115, 55111115 3, 29, 29 11. 139 5. - 15
nudo 5111151 5155111 dorso 1, 12, 8 1). 924 5.

15 c. 455, 551 circumfundi oder 11 155113,
29,4 11. 123 5. - 5515551115153, 1,4 p.
15. - 551 offundi 8, 19, 25 p. 148 5. -
55111153,13,1911.915; 4,1,411.1915.;
9, 19, 29 11, 5455- 551 odoror 1,13, 11
p. 9315.- 111 unius 1151111511 iactationem
4, 39, 3 11. 2955. - inconspectum doro,
515115 3, 4, 2 11. 245. - proponere 9, 42,
13 11. 5815. - iu 5555 1551151114, 2, 19
11. 1115. - 1515,1511111115513,21,11
11. 129 5. 1215. - 15 medium conculcor 8,
49, 2 p. 8915. - 15 aliquam 1551 polliceri
4, 2, 9 p. 111 5. 5. -— 15 5555551511, 55-
511515 3, 2, 11 p. 195. - 15-551151 4,
31,18 p. 2195.

11151111 551111 4, 23, 18 p. 2445.

incertum 5, 15, 19 11. 4395. 4311.

155511515 animo, 5515151, 1515111525
11. 18 5.; 3, 22, 25 519955 4, 19, 19
p. 299 5.

incitamentum 4, 41, 24 11, 393 5. 5.

155115551,15511551519, 35, 28 11. 5141. -
1551155551 dior 15 corporum 9, 42, 9 11.

81 5. 5.

inclitus, inclutus, inclytus 3, 1, 2 p. 5.

includere 4, 54, 15 p. 342 5.

incoquitur, 1155151 9, 38, 1 p. 819 5.

incolumitas, 5515 1515111515 pro incolumi·
1515 9, 41, 1 p. 5895.

15551141ξὲ111513,21, 14 11. 12951 5, 39, 11
p. 5.

inconditus 4, 52, 5 p. 339 5.

incremento 5, 9, 42 11. 392 5.

15551515 1551551 1115111. 4, 39, 2 11. 295 5.

indo u. deindo. S. 111551.

lodoin localem Sion, 3,1,3 p. tio: 3, 4,311.
2115.- 1511115151551251551155 3,1,311.95.

15515 5, 111, to 1111111.

lndlcttivus 15151551555911511 1515151551.

sPllAcflltclllis REGISTER.

3,5,1811.355.;3,5,511.495-11

(115511155291111111511111. 5, 31, 9 11. 4811,
indicto 555111 3, 32, 19 11. 1515.
1591111511, oi 9, 19, 11 155495.
1511555118,21,11 11. 198 5.

1511511115, 115555 9,19,141).5495.
inclutus 5 151. u. Ace. 1, 353 151911.
151551514,5,28 151815.

tuscus oon 1, 55, 51 p. 151 n
151511514,5,2811.1815.; 4, 28, 22 1125111
159511115551515115115 4, 18, 9 p. 22855.
15119511151,4,2911.9995.
1111151555Ξ5151μ115111 3, 5, 19112851 521
intro 9, 19, 21 11. 545 5.

infundere, 1151111155, 3, 32 29 1515155.
1515555515 4, 42, 39 11. 3995.
151151,11511511151111, 3, 14, 5 11. 131.; ,1,2

25 p. 138 5. 5.; 4, 18,9 11. 2295.
1111191111εέ 51155511 110111 no. ,
contum 5, 15, 5 p. 1155 - tm mut

18,9 p. 2215. 2285. ’
151511515551, 11, 11 111111. l
15115115 curum, 1511515111, 5515511555 42

1111.195.-1.1151151114,4,2311.1115 Ι

i. monum 8, 23, 21 11. 1995. Ι
15151511151555111115,1515155159381811591
inimicus, 1151111 1, 39, 8 11. 1915.
initio 5, 29, 4 11. 419 5.

151115, 15 initio 3, 9, 3 1). 55 5.
155551513,18,13 11, 92 5. 935.
inordinatus 5, 39, 11 p. 4995. 1 1
incommonitum, 15, 15 11511. 111 l

Livius conquisitio.)

151511, 8151111111, 3, 31, 11 111485 1114ῑ

11, 15 ρ.1111.; 1, 551 noom- 511

13 1543551 9,42,1811.5885.-1919·

551 15515119 4, 29, 12 p. 2525 ¹
insatiabilis 5151151 1, 34, 19 511411·
15111515 4, 4, 21 1). 118 5.

15111511 151 955111 Sino 9, 5, 21 155111-
insinuaret. Fluss 5, 19, 2 11. 4131-
instabiles 55511 8, 45, 11 1519951·
1151115515 3, 29, 15 11. 194 5.
5115551 u armon 51111 p. tii·-
1511555115 555111, 11, 29 15998ι
intempesto non 4, 4t,4 11. 3219- 3²4²
intempestivos 5,1,·1 11. 5195. h
1511511515 15111151, tomento 1, 39 ³ '²⁶⁹5‘
- 151. curum, 5111111515 3, 511 9311

1151551, lior 3, 28, 19 11. 1325. - ⁸4⁶:
5511 n uno 15111 1, 11115191.
551551 ao 5, 5, 15 11111. α
curo, 5511111115 3, 34, 8 151531·
15151, inter 5511111151 4, 21, 4 l·
15151 515155111555151 4, 91, 11139οΓ

1391Γ

15151 1115551441, 19 11. 991 ⁸⁴ ³ Μ

515 nostium 8, 39, 18 11. 199 ⁸· ” ’ἓξ
5115555151,11,111.911”3’,
5115515151 15551515115311111 ᾖ,
turer 1551 5, 11, m 1111951411 ,J
281 5. - Compos. 1111115115 mm
19595

 

