1. ¹² 'Inter 1555 Alexander, ed conducendum 5515155555555 militem 01555-

3, 1, 1. 15155155515551555 is 515 ene· ι111151. 8515 5015 51155115581555151

5155155155, 55515555555555 5555511511555055 0. 550 mr in 51155 05555, 5. 3, 5, 10. 3, 8,
1155551555 151, 515111 interea 515 555551551551 284, 14, 15. 4, 23, 18 4, 2831. 4, 31, 13. 4,
055 2511515511 15 5511155 15505115151555 551 40, 0. 4. 45, 10 4, 50, 28. 31. 4,.50, 13. 5, 0,
5155 1115555551555115115 5551155115 055. 15 41. 5, 10, 211. 0, 11, 8. 0, 15, 10. 0, 24, 35. 1,
55 seen 053555511555151555151115155555- 40, 148, 1, 4. 8411, 24. 0, 30, 21. 0, 40, 15.
vertige oder 515 5555551505 55055115 Person Eben 5ο 151 055 einzelnen Truppengettnngen,
505585515115055151,5551551111155 15551515- · 5551550151 pean, 5. 4, 38, 11. 550 4, 01, 11
155015550555151155555101515515 hin, 55 05- 15150511· 5, 15, 20 (pediti) ,· 8, 48, 10 u. 8, 50,
555 055 5555 15 115155 5555151 555055 5511, 31 (55011515),Ι 55055551151151515. 3, 4, 4.
550555355555151151 0155511551. 1151 0551. 151 3, 21, 13. 4, 01, 11. 5, 0, 455, 15, 20, 115 15-
115155 1555 15515055 055 1515501555 0155511555 555. 4, 40, 21. 4, 51, 31, 155 11151. 4, 45. 3.
55155505151511555 5551111505, 553, 13, 0. 3, 1155555 [11501155 550 1551055151 8, 41, 2115
14, 4. 4, 10, 11. 4, 12, 2. 4, 511, 12. 4, 51, 14. Aen, 5115 151 Tne. Ann. 2, 1οι 15515 55551555
5, 27, 11. 5, 33, 1. 0, 21, 111. 1, 23, 21. 1, 30, eumenum 5551115515. 1150 remen im Ne-
11.11.13.21.0,11,111. 11155 so 1151111155, s. 5515414,18,115155.1,30,35.1514111.4,
11550 1555511. 3, p. 401 30. 115105 5515115511 23,18. 15501555515555555515115555551511
01 551 15155 quae, 5. 4, h, 10. 10, 2, 13. 1155- 5151, dass 055 05115551 dieser 0511551115 5151
5151515115ηο Τ555.1.5 Und eben 55 551155 51511, wie Wnleh 5555115 Α. L. Ζ. 18211. 155.
055 5155515515 interea, 5. 4, 5, 21. 1, 25, 1. n. 100, 55 51555155 05555 1505115, 5550555
. 0555 5155 0155151155 1511 10111555 15111511
“mmm Em ἕο ⁶51⁰* Μ’ ¹9· 5551550515, 15115 055 Zusemmennang 01555
’1211ὲὲΒᾶ ¹⁹ ¹⁹⁶? MP& [ffimffiffi't 115555550551155511555551511515 5055155115-
35515155555 nel 1155555, 551515 815115 ven ‘mm‘
851551051· 5551511115 5511151151. 15551. 0. 5, 2 mmm. s. 155. Anah. 1, 24, 22 ἔπεμψε
0,41. 3555505511555511 0151555055515115555 01 5511111510555 τὸν Πολεμοκράτους 151 ξυλλο-
n 80105555555551555 0515515155155155 γῇ 55555551 et< Πελοπόννησον. 1115111151-
515551 1155115555151 Xenone. 11151. (15. 1, 1, 1515 055 01555055 5551051 05555115 2, 20, 5:
231551 &mandente αὐτοὺς (τοὺς 'w 5555151801151111551551501 Πολεμοκράτοος
enum ιαπιριχό νος, ine· ' inflammantem& ’1111116-
“ τινες, οὐ ᾑροῦπο &ff ρωςΉληνοις 55511555χο1555. 1555.οω 4,

,.

 

