SPRACHLICHES nmlsTEn.

111111110110111111011, 3, 11, 2 11. 32 0. ’

ωυ111115,13,141.4410.; 1,42,1111.11510.

multi, 11111111 3, 21, 1511311. - 1111111111,
1111, 111114, 40, 21 11. 3301. - 11, 1111111111
4, 54, 11 11.34310,-- 1111111111· 11011114,
44,11 11. 3101- 111111111111111 5, 31, 10
1). 4321.

munia, 1111111111 3, 21,1 11. 1240.

munire 4, 11, 23 11, 204 0.

1111111111 4, 51, 30 11, 3310.

111111111111111111 3, 5, 1411321. - 111111-
quid 1111111 113, 13, 11 11. 02 0.

s 1111111111, 1113111101, 4, 41, 21 11. 301 1. 0.

Ν.

Nam 10111 111111110111 3111101111 1111 den
1110111111111113111101001115,

η1110111281311011111111,3,10,011511- 3111-
111113, 30, 511. 1421.

1111111113,14,.,111111, 3,,.332111551.

’ natura 4, 25, 0 11. 241 b. - natura, 1111111111

loci im 0111011111111111111, manus, 3, 1,
1 11. 101. - 1111111 111111, 1111111111 111111
0,12,1511. 53210.

naturalis 111111 3, 0, 2 11. 54 0.

11111111111111, 3,1,1 11101.

111 1011011111111111111 1111101111 5, 31, 13 11.
401 0. - 1111111 11 11110111010,5,21 113210.
—- 111-11111113, 3, 2312201 4,03,31

11. 3051.; 3, 20, 24 11. 1301. 0.; 5, 12, 21 ·

1142301 5, 21, 13 11. 45311 1130, 11 11.
50401 0, 31, 10 11. 510 0.; 1,4, 30 11. 001
0.; 3,13,11 11.1521.;3,23,1011.1030.;
3, 40, 10 11. 3011.; 0, 0, 33 11. 323110,
34,4 11, 300 0. - 11 111 *11131111 11111
-111011110 20, 21 p. 5010- 111-1110
1111,1118,5,4411.1210.- 11111111, 111
11111-11113,11,011,010,- 1111111111
111113,33,411.1550.- utinam 111 3, 20
1111011- 111 1110,22,22 113411,

1111,111111101111,25,4 11. 01110, - 1111
aut—aut 4, 50, 23 11. 3541. - iam 1111
-1111 ’4, 30, 3 11. 205 0. - 1111- quidem
3, 20, 24 11. 130101 4, 21, 13 1125411
5, 12, 21 11. 423 0. 11. s. 1111.

1111111111, 11. 1111111111, 111111111114, 10, 24
11, 22011 4, 10, 13, 11. 232 0,

necessitudines 4, 41, 23 p. 302 0. 3031.

1111111111.Ι111.5,0,22114110.

11111111 aym, 1111111 5, 31, 10 114310.

111111-11111110,35,231. 0.

nempe heim 1111101111 3, ,2 11. 040. -
1111114, 40, 21 1). 3301.

nemus, 11111111 11111111 1, 23, 34 11, 0121. 0.

11111111, nepum 0, 5,1 15121.

nequaquam, nequicquam 1111110110 3, 2, 13
11. 01.

11114,0,1511.2001.- 11111 1111111111 111-
1111111114,4,2211. 1101.

11Ἥ80οΡθ2ποη3050. 8311119150), 25, 12 11. 401
0532114320 0,,’,Ἠ40311153311

111

10101130111111110111.4,23,2311.2511
0. - 111011 -111111 0, 35, 23 11. 5141.

11115, 10, 20 144001 5, 20, 2 11. 45001
0,3, 11 11. 5220,

1111111,11111111,30,1 11. 0001.

11111· 4, 00, 2 11. 3550. 35011 5, 25, 12 11.
40101 5,32,111.4320.;0,40,3111.5330.

1111111 3, 5, 12 11. 301.

1111, 111111 5, 21, 14 11. 451 1. 0.

11111111,111’11111,30,1 110001.

111111· 1111111111 3, 2, 13 11. 201.

1111111111111.111 (1110111. 1014, 2, 1 11. 110
1. - Nomen (111 111111 11111 11. des 1111-
1111, (1113110111, 111. 310110,0,14 ’

11111111 111 11111 011101111111110111111113
2 ,1211 150. -1111111111 1111111111 10111,
3111111111,3,11,211.320,- 1111110113, 11,
011,301.·3,33,2111501.-11111111”
11111111110,10,111.0111,

Nominntivus der E1gennamen 1111 o, 1113, 0,
311551-111111,1113,11,1411.030.
- N. absolutus 111 11111111111111111111111-
nen 5, 23, 0 114141. - 1. 111111, 3, 34, 10

11111 1110101111 5, 11, 13 11. 4100. 4201.
- 3111111111 4, 21, 13 11. 253 0,; 1, 2, 14
11.0041.-1111111’1,1111111ω1111110,11,
20115420-11111 1111111111 111114, 30,
311. 205 0. - 1111111111 111113, 20, 1 11. 1011.
-1111111111,11111111111111111113,5, 14
11. 321. - 11111 alias (11111111 magis 1111111
3,1,1311.441.- nonpmdmiusqm
11111111 4, 5, 33 1). 1301. 0. - 11111-1111
5, 20311. 451 1, - 11111-1111111110,44,
301). 50511 0 35 20115130.- 11111
111111- 11113, 11, 121) 020 5,,320
11.3310,-11111-111111-113111111111111
4111111- 110-11111115, 0, 2011. 4111.
0.--11111-11111111, 11111Η-11111111 0,0
11..0101-·11ο11,-1111133,2011.521.0.
-11111-11111-, -1114, 50, 11 11. 3400.
- 1111111111-1111,11111-1111“3111-
1133,21,1011.1201-1111111111111111-
1111,111111-1111,11 11111 aliud—qm
3,11,011.010.

1111111111 3, 21, 10 11. 1250.

111111 oris 3,12,1311.1300,

111111,0,2011.0141,

1111011 1111111114,50,32 1). 3551

nudare 1111111111 1, 10, 30 11. 0501.

1111111111111 3, 0, 3 11, 550.; 1, 21, 11 11.
0001.

nuum-nullus 0, 35, 23 11, 514 0.

num-num 4, 23, 23 11, 2511.

numerum 1111111, 111111 4, 03, 20113030, 3041.

1111111, 111011, 3, 0, 5 11. 50101 4, 40, 15
11. 3100. - 1111101111 1111111111. 3, 15, 13
11111,

1101111111111
5131011,Ῐ1400.-111111-1111110,35,
23115151.

1111111 und 111111 1111111101 3, 0, 5 11. 501.

 

