342

31311111,111113,11113,33,311,1351,
3111111, 31111111111111111 3, 3, 1 11. 5413, -
3. 1111111312, 1311.5331.- 3311111111
3,13,31,31,1.- 3111111313131411,
3313- 311111111111,33,1 113531*
3. 1111111111,11111111 13, 11, 21 *4044-
1111, 11111111,11113,·13,111111·11,3-
3 1111111114,41,131,1333.·1311-
313111131311323151113531
3111111,11111111115,1,11,111133. 3131,
3111111,111311, ιι. (1111111133,1, 3115211,
3,;,,1334411,-“3343 1,11111113114.
334, 311, 1313,
311111131131111113111111113, 1, 31133

Ε.

11, 1313111131ιέ 311ῢο11111111111113 ,1 ,.311 133,

111131 3 11 13

13111, 131111 oraculum 3 ,2,13 11131. -·
13111111111111111111 111111113311413.
-13111 111111131533114333

11111111 1. 1111111, 3, 43, 23 113333

1311111113,31,13 111411.

13111111 331, 13 11. 1411.

1111111111,11.151ι;111,.1111113;
4,31, 1311333111 4 43 23113333 3
33, 3411 ..8044- -1111111111113111114 33, 24
p. 21143--,111111111 11 1111113111, 1111111
1111,11111113,13,2511.1431.,

111111111111111443, 14113213. (11111113,
111111 1111111111 11111311, im 3111111111
transivere).

1111111ΜΩ 11 1111111131 5, 12, 21 11.
423 1.

11111 3, 53, 32 113331.

11131113,3,1111,3313 3331132333 11,
3511. - 111111111111 Fluss 3433111333.

1111111 311111 3111113111 4, 4, 21 p. 1133 *-
1111111 1111111, 1131111 11131· 1111311311 1, 33,
13 ᾖ 3331, - 1111111, 3111111113,13,33
,1 a.

111111131313111111 3,31,23 115331.

111131111111111111113,3,131,331-1,1,13
11, 311 1. 3.- 1, 33, 23 11. 33331

11111111 5,13,33 1143311 3414133311.
3341.

1111111111 3323111353.

1111311114,13,1311,-2131.;;5,13,2311,4331,
- 11133111·
” 1 1 0 ·

1111111111 111311 milit-airinom ὴτ1131 3, 31,
1111113131 4,3,3 1113311- 1111111111
111113134311231- mmmm
1111111111 4, 34, 13 113413

11111311111111, 1113143313 112341,

1111111, 11111111 3, 43, 15 1). 133 3.

M, 11111113, 3, 33 11. 331.

m 11111 3111131111 1111111111 1131111311 40-
3311111161ἐ,ὴ43, 3311. 53113.. 33111 3,21,

§mmmm mmm

Ἥ '1⁹⁰⁰'4' ὴ ⁵²
1 1 ⁶³ ·
1111131113ῗ32,1311.1431.3.; «11311111
1.; 3,34,1311,3131.;’ 827, 3131313111
-111111111113111ή1113,27, 11111131
vergi. 11113111,
1111113111111111111114,33,13 1,3331,
1111111111,1’1ι 1111111111 imm 111 1

,3133

1111411332, 1811. 143331- ηιὸήνξσι
3,45,1311,1333,-1ᾳ1,η1111ητ
1111131113,,.4311133,-·- quicum
3,23112531,κ·11111111ι111η1113.
1111111.

11111311131111111113, 514311, 3333
111111133111111111115,13,13ἱ4413
11114,43,2311.3331.-·-81α11ς411;·

1133411 31331 p. 44043 ⁸1³2·
5133.-111111.3111.1,3.3,31’1113111
11111111111114 1331123113 3131-11
1114,·23,111.2321,
11111134333115341.
1111111111 mnsam 3,11, 12 mma.
mmm 1,111.13,11,,25 μου..
1113311113·
11111411111111111131111131 3111,311311311
3,1,,311133,-Α11111111113111111,111
11113,,,41111213; 431511 114111
11,1ρ.·114114,14,11 1111, 111
111,3533.14,33,33 mem 3111
434311 3133314113, maum-
1343151331,35,23113311;
143, 1111111131. 3,22,13111533’
11111111.11111113,11,311,Ν3,-11-
1113131511331 111, mmm
11113111 1113111113, 41, 25 11. 13113.
1111311111111111135, 13 11.331; 311.
31351.,ι1.111 11111311.- -1411111341
133-8111, 113113, 13,1411. 1451
-13111111113,23,1311,4313.4331-
131111,1111111,33,33 113133- 1
31111111131111113, 21, 1411353311..
ΜΡ (nauh-‘¹‘ *θωυῦίῧῐ 3151423
33313Η341133ω-113112ύ113-
111113, 3411333131 1,33, 1411113111
3443111333-Ι ceu-,potam 44.
-11-11, 13111113- 4111113511 311
- 111-113,13,111133313,11,11
111451-Β 11111-·11,·-11--111
13133 33313333 3:4¹ ’
11311311... nummu

1.

1111111,11111-11Μ111113,.4-3,3315331; ·
3, 33, 33 1151133. ·- mmmmm
1211333. -· mundonem-‚m
-11131-1111ω1111115,3,2311141113

1113111 1111,411,11,11,1111-1111

111113343·11,1533

1111111111, 1111111111,ι 1111111111. 1111111111111,11,111.1111.1111-

1111111111 3, 141 111141,
11 11311 311111 3111111113 111 3111111111 1111
11113,23,2111,1341,3,1 13, 33, 1311, 3131.

11.11111111111113,43,311,3343
111111111111413,33;111313.
1131111314311151331

 

