040 sPRAcflucflEs mim.

1011011101, 1101011101 11010100 1, 43, 20 0. 0011111· 5, 12, 10 04205. -m 01 pn ,

110 5. - in 1001010001, 10 1011101110 3, 5, 33, 0 0. 484 5. - m 11511 1101105111
4, 2 0. 24 5.; 0, 10, 20 0. 54510 0, 42, 13 40, 18 0. 801 1.
05815. 1011110 4, 15, 23 0. 2201.
10010100013,1,140.455. · 1001101100201805011.
consumatio 5, 28, 804151. 100101 10 11100111101051 8011001 3 5, 11
1101111011 mare 1101111501 0, 24, 1 0. 840 5. 0. 30 b·
constrictam 51111105 5, 20, 1 0. 408 b. 0011110111 5, 0, 300300 5.
10010031ὴί0 01111001, 10 commum 5, 21, 14 101011 1110100011, 1111001111 3,0, 4 0. 38 11
041· .; 8, 0, 21 0. 801 5. 301.
1001αὸ01011 maro 5, 23, 8 0. 403 5. wrm 101001 10 111· miliuirisffl 8011111
1001111110 01000 8, 4, 33 0. 121 1. 3, 21, 22 0. 1081.; 0, 20, 23 0 5015.
continens 4,1, 1 0. 1801. 101011 111 der mediciniseben 8011111 013,
1011110111, 011, 10 011 1, 30, 0 0. 1081. 120001.
1101050015,12,100.4201.5. 101101010001100003,8,220501.
11101511πί110 5, 10, 20 0. 440 5. wrm 10111011111111111110 8011051 ⁵³2⁵
0001000110 4, 28, 21 02501. 5. 0.4045.; 0,2, 1205001.
1001001σὲ10, 10 commolitum 01110111 5, 0, 10100051οὴ1110100110511151030111513, 11,
1011010111 01 1001105, 28, 2 0413 5. 10111110, 1111101101 501004005.
convortere 4, 11,22 0. 2041. 10111,1011113,1,10101.
1000111001 8, 22, 10 0. 150 1.
1000101010, 1000100111 0, 5, 0 0. 5121. Β,
1000101001 0010111 8, 20, 24 0155 1.
convocare 0‚4,23p.82oa.b. 00111οω11,100110113,1,40.11.-ϋ1
10010 111 01110101 4, 24, 20 0245 0. 11 10 profundum 111. 4, 13, 10 0. 2121
11010 0010101001 5, 20, 1 0. 488 5. Dareus, 0011013, 1, 8 0. 12 5.
cornuin 1110100005111510 80111513, 10, 0 11111001, 51110 011115, 1, 5 03121.
0.581.-010.1010013,45,110.3115.; 11, 11 1111104,2,140.1141.-11 dio&
4, 50, 28 0. 33515. -11110101111011100 22. 2 0. 450 1.
10 der 01111111100510 80111111 3, 5, 14 0. 11 10111501 100110 0, 1, 2 0. 815 5. 8131
31 b. 1111, 111,0001001111,1101101000,0,34,01
1011310, 2igoder 101011000510 8011151 4, 20, 15843ὶέ 1501.; 4,1, 0 0. 102 1. 5.; 5131
1 0. 1. 5. 0. 1. 5.
corona 00110 4, 1, 2 0. 100 5.- 000101011- 115111, 1151501, 11501101 3, 0, 5 0511
100110101001100015010014, 11, 5 0. 220 1. 1151110113, 12, 0 000 1
00001440003085. 1151100114125020115.
corruere, 1001101111 3, 8, 18 0. 41 5. 48 1. 110111 110 8, 0, 1 0. 130 1.
100000111101010013,20,240. 1311. 11101011 3, 1, 13 0. 44 5.; 3, 1, 10 0. 415
100001, 111110101111100 4, 0, 12 0. 101 1. 5. 11111111, 111010 01110 3,1, 14 0. 45 n. 1
108 1.; 4, 10, 24 0. 220 5. 221 1. 11101, dovora 0101011111 0, 1, 80 5055.
Cos, Gon, 0100, coum, 611011 3, 3, 10 0. 21 1. 111111 1500101, 3, 1, 0 0. 0 5.

· 11011100,42,2508811. 1111οΜ110110010001111110,30,280.5831

01104, 10, 120.2205.-111511110111001111 1111110, 111110100111011101111,25,103181
1, 31, 1501005. 11101111 0, 1, 2 0. 504 5.

11110 11001105 3, 5, 10 0. 33 1. -· 111111114, 11011101, 11111110 1, 1030 0. 050 1.

41, 23 0. 302 1. 5. -0110111111, 01111 111- defendero 11100 111 0111 1, 1, 3 00001
1111 8111101100, 43, 250500. 1011100101, 1110000101 8, 14, 0 0. 143 51 1.

1010110 0010111421 0. 2451. 5. 11108111.

11111111, 1011111111 4, 10, 10 0. 2021- 11. 1101111 4, 1, 2 0. 108 1. 5. - 1111010100
animus 4, 21, 13 0. 2521- 0111011 0001 4, 30, 5 0. 200 5.
aliquantum altitudinis 0, 11, 21 05425. defluere 0001 1110111· 1, 32, 30 0. 0020.
5431. 1101111114,21,100.2535.-111111111111

10511130150325. 11100015,25,110.4011.5.-ψω

101101 1011001011815100111 3, 2, 14 0. 115. 1010014, 41, 20 0 301 1.

1011 0110001111, und 15013, 28,22 0135 1101111 111 mmm 1111101111, ab 1.
1. - 1001 01. in 101101 00011110 11115, 20, 23, 20 0011 1.
204000-101000100311301401. 11111111, ,3,1250.055.-11
- oum 011 8, 41, 25 0. 101 1. - eum 10- dormint-l mammaemammal
115110 0, 40, 35 0. 584 1. - 1001 010000 11111 und 110110110οω13,οὔοω1;
101101 010101,21,100.0021. ·- 1011 4,02,2303031.; 0215050011οὶ
{m {acm 0005108002οἌΙῖ ’055530 033- 1101110081ιῖ0 {aa 1011011513, 11, 80 001
10001001114,1,00.1021.-100101 5.; 02010450ος 0,0,210.8281.

 

