010 saumarius 00011000. ·

Philippus, Auiiihrer der iteranti equites, 4, Pylae, 1011010030001300100 0033313001

53, 23 0. 33511.; 3, 24, 35. 3, 2. 3, 11,11.
Philippus, Lysimachi fretu, 3, 13, 35. Pyramus, Piuss, 3, 13, 1, y. 53 0.; 3, 11, 5.
Philippus, Satrap in 103100, 3, 32, 13 0. 3320. 100 31100132, 12 01231.

13, 3, 23. 0010010015,1,30.43311.
Philippus, 30011011, 3, 11, 1. 3, 14, 4. 3, 15,

0. 0,10,11. 01011. 11011. 01000. B.

Philotas Augaeus 5, 1, 5 0. 4341. 11. 1100100οἰ, 0000030011010, thessaliam 3, 21,
Philotas, 3010301100010010,5, 1, 3 0. 33311. il 0. 114 1.

3310.; 3, 33,11 0. 51141.;3, 44,43 0535111. Rheomithres, Setaea, 3, 21, 13.

533 0.; 1,1, 1 051111 1.; 4, 53, 23. 5, S, 15. Rhinoceros, iu 103100, 3, 31, 13 011511

5, 15, 23. 5, 13, 33. 3, itt, 18. 13 3. 1,1, 3, 1,50. 3110.

1 3. 8, 24, 4. 3, 211, 5. Rhodus, 31100, 4, 22, tl 0. 23311.- 4,.11, 12
Philotae Ciltoiu destinato 13, 33, 2 0. 325 a. 1110110011110011001, 301000,3,3,23012’10.
Philotas [agauni 01100 Tyrum 100000 praa· 11130000111131001,3101110300110100311,

risiare, ,3. 30523011.

Philotas, im 3000 3101003001, 3, 21, 3. Roxane, Gemahlln des 3100103οτ, 8, rtet
Ρ10001004,3,15. 4,1, 1. 3,1,3. 13,33,2. 13,13,3. 102013. 13,21,21. 13211.
Phradates, 301010, 4, 45, 3 0. 315 11.; 3, 13,

24 0. 531 1., 3,13,110.1431.; 3,13,11. s·

13, 5, 33. 31110000, Vota in 1031001, 3, 33, 4 01511111
Ρ1011οἇ1100001,4301010,3, 13, 23 0. 531 a. h.; 31000, Vollr 1011100, 5, 23, 5 0. 411 a: 1.

8,1“,11.3, 1,11. 331113.

Phrataphernes, 0016100001011100000001,1·1, 1,3. 3001, 1031031100, a, 15, 23 01111 11
Phrygiae 3, 1, 3. - 1000111110 0031030013, Samaritae 4, 34, 3.
2, 11 0. 15 a. — 101111, 41, 4 0. 533 a. - 30001101, 1111011010 10310003, 32, 13 amital:
Phayyiu maior, minor, 13, 311, 2. 3, 32, 11.
Pirama, Fluss, 3, 23, 13 0. 135 0.; 3, 22, 23. Samothracum 11111113, 3, 23.

3, 33, 21. Sangarius, Pluss, 3, 3, 12 0. tha
Pisidas 11, 1, 3. Sarmatae 1, 23, 3.
12111οο301310οΑ1011001001,3,32, 111 0.11120.; 3010001, 301010, 3, 21, 13012510153

13, 22, 4. 13,23,3. 11314. 0.1311.;4,23,40.2330.
Pnytagoras, 001 Cypriorum, 4, 13, 11. Satibarzanes, 311010, 3, 21, 13 0. 511 t:
Polemo, heiehligt in Aegypton, 4, 33, 4 1, 11, 2, 0.111111.; 1, 1333031513

0. 213 11. 22, 23 1. 3, 24, 34.
11010100310030030131000101,1213011330. satrapeae, 1003101115, 1, 1 0. 335 eh .

1, 3, 1. 3010000101, 311000, 4, 333 p. 2531041021
Polydamas, Freund Parmenio's, 4, 53, 3 30100001,10130111130130004,112302111

0. 3431.; 1,1, 1101111 0.; 1, 3, 113. Scenitae 301110οω131, 130. 213 h. ¹
Polypercon, 3000131000 3101103001, 4, 41, 1 Serihu equitum 1, 2, 15 ys. 33411.; 15121

0. 3241.; 4, 53, 23 0. 333 1., 5, 15, 0. 31111.-οα1300000“13,33,50.15101

23. 5, 13, 33. 3, 11,2. 3,23,22.24. 113111. -101030 Darei 1, 11, 4 01121 1.
Polystratus, im 3000 3100003001, 5, 33, 24 30100131, 10001 301 301000310110130010·

0. 4331. . 1000Δο03000οε 00100 3011 101000 iturus
Polytimetos, Pluss in Sogdiana, 1, 33, 2 3. titini! 0.

0. 1115 0. 1. 133 a. h. Scythae 4, 52, 3 0. 333111 3, 3, 13 051511
1001100001,11301010103100,3,31,11 0.3311.; 4, 25, 3. 4, 53, 12. 13. 1, 13, 32. isti,

113112. 11. 12. 1, 23, 1. 2. 3. 3. 11133131
Porus, 3001111010, S, 43, 13 0.13411.;8,4-1, 3111. 1, 33, 5. 1, 33, 11. 13. hiel·

. 11.1001.,1,40,10. 0, 1, 1. 0, 0, a. 1110001100- 1000111103·-

11, 13, 22. 13, 3, 23. nes 1, 35, 23.
10001,0101101110103100,3,2,3031311. 301110101115,4,24. 1, 21, 23. &litii Ἴ
Praesti, Vollr iu iudien, 3, 31, 11 03111 1. Seuthes 13, li, 45. .

Prasii, Volk lu indien, 11, 1, 3 0. 325 1. sthi,v01tta 103100, 3, 14, 2 033111
Prometheus 1, 14, 22. 3111001101, 301010 100 Gedrosiae, 311152
1100111001· 301 1100101 001 0001110100 3013, 08830. “ 1 ,

s, 01 0101. ermeleno 1, os, 0 p. asta. 01111, u ,
ΡιοΙο010001,Το1101-01,3243301.0431115331. 0. 331 0.; 4, 51, 11 0. 351 11. ’
1101001000110013,5,45.43. 3, 23, 22. 3, 31, 31300 4, 3, 15 0. 114. 4, 13, 15.

21. 3, 411, 13 0. Sili a.; 3, 43, tu. 3, 43, 15. 3101000013005,21, 12 0. 4551.

112415. 11, 33, 22. 25. 1133111211, silphion 1,11, 22 034311.

10. ro. 1011, 10. 10001. 10, 0110. somnias, m 0111 ater-aues, 1, t, ¹⁰
Ptolemaeus, im 3000 3100103001, 1, 43, 11. 0. utta 0.

Pylae 0100111000 3, 23, 13. elnonenses, 15, 3 0. 533 a

 

