SPRAGHLICHFS REGISTER. 547

susorum 11114, 8, 1 ρ. 1111. osseus· 11, coni. 1, 11, s 141111. - 1
mmm, 111111 haec, 111111 quae 5, 1,1 p. 5151551155255114525.

311. - eigenthiimlicher 1115111115 5, 5, 1 11111111181515 111451.
‚ 1³·53b. 2 1111111155,111111,11,1 11111-
11111111111111 5, 42, 25 115885. 1111111111,55,8 1151155.
’2111115016 ¹1· 111111111511111 1111115115 5,*2, 1111111111 1111111118,4,51 111255.

¹2 1. 151. - 51111111141111 suram 1411 111111.
, 2⁰⁸ q· Ι 1111111111,1111111111,11,1111111 -
1111111111110 8, 15, 55 111511. 11111 51111 4, 2, 15 p. 115 5. 114 a. - 1111 ·
’3110151011 5, 25, 51 115555. flentium 4, 4, 15 p. 15115. - 111111 1111111,
summisere 3, 7, 15 μ. 455.; 4,14, 15 p. 215 11115111 5, 25, 8 11455 s. - 1111111111 5,
1· bs 4, 45, 14 11111. 11,1 11111.
interpellare, interpolare 4, 28, 28 1125151 iusta 11111111, 51111111115111111111 5, 51, 15
Ι ὓ, 5. 5 1). 5111.; 5, 58, 111 115811. 11.1451,5,- 1111111111111111111 3, 54, 811
{nummus-i 151111151151511155,5,5ρ.411. 15811- 111111 11111 4,’2, 12 p. 115 s. —
11111111111111 1115111 1, 51, 15 p. 155 5. iussa asma, 1111111511, 11111114, 51, 5 p.
1111111111 11,28, 12 p. 8555 555115.
satra 1155151155, 1,5 1181. - 1111111 111111 1111111111, senioresque 8, 4, 51 p. 1255.
Ἰ. 3. 25 ι). 555 5. - 511 1111511ιί5555- ι
, 80¹¹ 3, 1, 8 111215. ⁰
sntroducsss 5, 55, 15 p. 145 s. Lam imposssrs 1, 52, 55 115515.
11111011111111 5, 55, 15 p. 145 a. 11151 1111111511 5, 15,8 p. 55 5. - 11514, 15,
suffossum, introrsus 5,15,1 11581. 15 112155. 211 s.
1115115111 4, 45, 14 p. 5185. lacerare 4, 15, 25 112215.
1115111111, 1115151551, 5,15,8 p. 515. lacrimare, 1111111111 4, 42 55 115555.
1111115111 4, 21,2 112551. 11151115,511,24115825. ,
mviss'tattss 5, 11,1 p. 4451. 5. 4441. 5.; 4, 15111115,5,4 115511 5158114555.
155 ρ.2·145.; 5, 1,4 ρ.8111.; 5, 2,15 lassus, Bezeiehnung in 511 1111115551515
Ι 11811111 5, 24,1 p. 845 5. 81111151, 5, 5, 15 1151515.
munumentum 4, 41, 24 p. 555 a. 5. 1111111111,11111111,οώ511111511,5,21,15111551.
invocare 3, 25, 25 111551. lar, 11111 11111 5, 52, 2 114851..
11111111, malm Gebraueh, 5, 21, 15 p. 151 s. 5. 111111111951 11111111111111111 5, 22, 25 p. 5541.
inundare, tropisch, 4, 45, 25 115211. lassitudo 5, 11, 5 p. 515. 521. ·
inusitatus 5, 11, 1 p. 445 1. 5. 4441.5.; 4, 1111111 subal. 11, 11111 1111151114, 15,8 p. 2555.
11,5 p. 224 5.; 5, 1,4 ρ.8111.; 5, 2, 15 1111511111515,2,18 11251.
p. 811111; 5, 24, 1 p. 8455. 1151151115 15111111 (111111 4, 15, 8 p. 255 5.
ipse mit 1115151511 vom 11115111 511 Ge· 11111 1252115111.
1111115115,5,2411251.-1.1111511 mit 111111, 1111115111, α lateribus circumfundi 5,
11111155111515111115181151. 5, 15, 15 p. 24, 12 p. 1155. 1111.
155.- 111111111111111111, 11111115, 21, 1111115,24,15 11851115.
25 1115115. 15111- ad 1111 ipsum, 111 laxare, tropisch, 5, 15, 11 111511 4, 54,8
idipsum, 111 15 ipsum, 15 111 11111111, ρ.2855.-1.11.11111.111114,12,5 11258
21, 11 p. 125 5. 121 a. - 811111111115, 15, 11,-11111111 1111111111 4, 58, 24 11254 5.
5 p. 555. 5. lazius 11111, 11115111 5, 11, 5 111121.
1111, dolos 5, 55,1 111441. 11115111 4, 25, 18 p. 2441.
111 ultum, repletum 11, 1,2 118151. 111111 von (1111111115 4, 8, 8 p. 1545. - 11-
irrisum 4, 11,2 p. 224 5. 111111 fustiviam 5, 22, 25 p. 5541.
11, 111,1111111115115,5,1, 1 1151. - 111, 111, lentum remedium, venenum 5, 1515115111.
s. 111. - 111111515111115511111. obl. 5, lepos 1, 58, 111 p. 152 a.
52, 21 p. 1521151 4, 44, 25 11511 5.; 8, 11111111 1115115151115111111118511151 5, 1,4, 2
11,5 p. 1585- adid, 15151515111111111, p. 1211- 1. corpora 4, 45, 15 1151115.
111 idipsum, 15 1511111111 3, 21, 11 11125 525 s.
51211. 111111 51111111 4, 2118 p. 248 5.
1111, 5151111151 5, 11, 5 p. 4425. -— 111 111· 111, 11111 511111 4, 21,1 112585.
11511115151811111 5, 5, 1511551. 1151111 corpus 5, 15, 5 118441.
’1111111111111 ¹²· ⁵⁰ 111 1111151151
11111 15, 5, 55 p. 855 a. 1111114555 112411. ‚ ,
5111111151152, 15 115111.- 111111- 11111111 5,12,5 11555.- 111111111111111111
1111111 111, 15 p. 1521. - 1111111511111, 1, 51, 14 p. 1551.
1111111111, saporo 5, 2, 15 115111. liquidus, 5151515515, 1, 5 p. 55.; 3. 11), ⁸
111111111141152111. 3, 15, 1 111515. 115111ς 8, 41,2 118551.- ad 1141151111
- 1. 111, Goni. 5, 51, 151145154581- 1111511111 5, 8, 14 p. 8211.
1. 1111111 1. 1111. 5, 258 114521.5.-1. 1111111 1111111 1, 51, 25 p. 6ng 5.

 

