944

1111111 1111111112 11191111 4, 10, 24

ramlocgnffiunrh 0, 30, 1 11351111-11111
ferroque 1. 1113111111 3, 11, 3 p. 511.

[11111111 1,111. 5, 0, 11 p. 5231.

11111111 5, 24, 3 p. 1551.

11111 1111111111 4, 25,4 p. 2411.

*fiduciarius 5, 20, 3 11,11111.

5111, 11111, 11111111350 p. 401. b. -
ut 11111, ut 1111111111 3, 21, 20 ρ. 1001.

111111, 111111111531 1130311.

101111111323251.1311.;4,41,19113011.

1111111 numerum 4, 53, 25 p. 3531. 304 1.

111111, finos 5, 9, 15 [14091.

fimare in 1111111111111111131111113, 11,1

numatam: 1, 11,1 11111.

111111 11 111 1111111111111 3111111 3, 110

114, 44144311, 1, 11,1 ,1111- nonem

11441νῖ4ῗῖ441Ᾰᾷ 44141212614321 1. - 111-

flumem? 1451161141 114014111. 1.

flumen, 111111, 4, 211, 4 p. 2001.

[11111,11[1111113,3,201.211.

{omma 1111111111 3, 10, 11 p. 11 b.

1111111 1. 11111113, 11,3 11301.

[1111132121111311-11111511115,
3, 11 p. 4011. ⁸

formidare 4, 02, 11 113011.

forsan 1. forsitan 3, 5, 11 p. 2111. κ- (11-
111111 3, 5, 11 11. 20 b.

forsitan 1. forsan 3, 5, 11 11.21111.- (11·
111111 1111 0111. 1,111. 3, 5, 11 p. 291.;
1512013111. , , ’

rorte, 1111111 5,11, 13 p. 4101. - soree
11111115,31,1011.4311.1.-1111111[1111
111511, 31111111, 4, 15, 10 p. 2131.

, [ogga 1181511, 3, 22 p. 5051. 00011 1,10,

1111114411 5,19, 11 p. 4431.

fortunae 1111111111111, permittere 3, 5, 13
11351-11111111 numquam [1111111 8,
11,1 111311.- fortuna 1111111111 4, 5,40

1114111111 humana 4, 54, 20 p. 3431. 3441.

fram, 1111111 1111111111, 5, 39, 24 p. 532 b.

11111 locorum 5,11, 1 11,141 1.

fremitus, Plur, 4, 13,0 112211.

51111114, 50,3 113551.

frenum, freni, Nom. plur, 3, 34, 10 ρ. 1591.

[νοὶᾳέιοωὴωάῃ 1111111111,1111111 3, 2,11 p.

1. .

frons, 11111 [rom 4,13,3 1120011.

[111111 3,5,12 11301.

Μὲᾕ 11 5111111111111111111111 3, 1511.

[111111 3, 14,4 p. 1131.

1111111113,14,4ρ.1431.

11111111 imperium 10, 30, 0 1102511.

sundere 1111111111 4, 12, 3 p. 2551.

11111111, 111111111111111 31111, 3, 1,1 p. 31.

1111110,1,5ρ.3301.

SPRAGHHCHES 1150151311

[unum 11 11111011111111111 §pram 4. 11
15 p. 231111.

G·

G 1. 111 5111111111 1111111111 -1, 111, = 1.
29111 5, 2, 14 1131111 5, 21351 5511

Gadis, 51111 4, 20, 20 112341.

1111111111, 5111115111. 4, 53, 21 μ 35111
5,0,4511.3941.; 5,22,3 1151111111.
21 1,5-121). 5431.; 5, 22,20 1551111 ³.
2113 p. 1551. - Gen. qualitatis 3, 5, 1!
11291. - Gen. qualitatis in 11111111 511-
111115113111 p. 21 1.11.; 111122 p.
335131.- 511. 1111111. 1111111111.
3,11,111.331.; 320, 12112311-
Gen. 111 1111111111. sing. 3251 1
123 a. - 511. 1111111111111 (3111111111ῆὲ
11, 15, 11 113301. - 111161111111111 111-
11111 11111111 3, 14, 4 p. 131. - 111111
1111111 11111111 4, 2, 11 11112111 111111
31011151- Damus sym 121
1211931.- Philippus Balacri 1511
ρ.33311.-111111111 Nom. 1111151
11111091-11111111 Nomia. 1111
40113111111,11,21ι1.1131.-11111
11. orum 3, 35,10 p. 15111. 152 ις 11. =
1011.3311.- tm} 11111 nem 11111111
&Qfflamh

111111 5, 5, 35 113301.

111111111112123112511- 111111-
1111 4, 21, 10 11. 25411. .

11111 11111 1111111 5, 5, 35 p. 3951.

1111111111113,4,3 11251.- emin
1111111111, 1111111, 111, corpus 3, 1,111
411. - praemia, 11111111 5,1,311511

(11111111111111 1111111111 111 Anime 111·
1111111311, 1 1,511. - nieht mmm
310, 1111111111 3, 19, 1 1131111.
12,1 11.2031.; 4, 21, 15 12111111.

, 20 11. 353 b. — 11111111 5, 9, 25 1111 t:

5,11,11.4111.;0,4,11150911111.
10 11151 11. 1531.; 3, ‘az-22 11151111,
&maffia

111111, 11111311 11,121 1. 1.

1111111 fimare, promovero 3, 25, 5 p. 121 ιε
4,33,13 1211212931.- a. 11111111.
21Ἇ1ἒ1ὴ112521ψ- 11. 1111111111 5, 3211
ρ. 1 .

oram 11111,1111113,15,11 p. 191,

11111ὅ16 11111 benivolentiae 1111111111 3, ¹21

11111113301 11,1431. 1111.

11111111114,11,5 112201.

1111133513 11,1501).

flamm 111111 111111. 4, 33, 21 ιι 2911

haberes-immun 111111 1111111111 1, aa, 1:
111 1.

1111111, 11111111111111111111111111111, 31
3131111.- 11111151113,31,14ρ.1411

1111111115,12,Ὧ 1112911 5,15,29 um

1111111, 1111111435 11. 3331.

1111111111,Δ111111,29,5ρ.2511.

 

