1.1111111111111.11.11111111,1111. 111

1111111111111111 1111111111 1111111111111111111111111111 ”fle- Ι

1111111111 brachium 11111 ictum est: 1111111111, 11111111, 1111111111, 11·
gittis prope occisi. 83Ε1, sivero aestimare 1111111111, 1111111111, 1111111111,
fatebimur, et regem talibus 1111111111, 11 illos 11111 rege 1111111 dignissimos. '

11111. Ne 111111 quiden. S. 118, 1111. 8.114,1,81. 111.

³,2a Ρ· ²2 ,, 111ια11111111111111111.111.1111,
11131. 11111111111111. 1111111111. 11111. 11111, 11, 14.

ἒῖι ὓξῑ Ἥῗὶαωτῑω* 1ὼ 3¹< τὸ* βΝ (Μ 111111. P. 111111 1111,111111111111111
1111111111111111111111 1111 111-11111. · ·

πῇυιῗζῗςῖτιωὲὶ ὅ11161τ Εἶὲᾞί Ἦ ‘1222‘ss 4113133· ’⁴2¹¹ 1111 11111, im (11111-

‘mm'’ 'ww‘ ³⁰⁰¹¹⁸·²¹¹⁴’⁰2’²⁵' 111111111111111111111111111111111111-
11 c. 1111111 G. ohne 11111111111111- 111111111811111111111111.

1111111111 11111 1111111111111 1111 111, 111 1111111111 11 11111·-
ot 111111111111.181.111. 1111111111- 1111111 11111 111111 111 11111 1111
1111111111111111111111111111111111111- 111 1111111111 1111 111111 11111111,
don, 1811,1’11.ΙΧ.Ρ111.1,1181111111111 111 11111 11111 111111111 111 1111111 11 111
sich 111111111111111111111111111111111111 11111 os 1111111111, 1111 11111111111 os
11111111111111111111, By the 01111 1. 11 111 walls 111111 1111 1111 1111111111,111
111111111111111811111111111111111111- 1111111111(1.288)1[ 111 11111111 111111
1111111111 111111111111111111111111111. ¹ 11111 11111 11111 11 11111111 11111 1111111111.ι
01111111111111111111111111111111111111111- 1111 1111111 111111 1 1111 11 1111 11111-
res, 111111111111111111 1111111111111 1111- 111111 o( 111 1111111111 11111111, 1111 111-
1111111111111111111111111111111,1111111111 1111111111 1111 1111111111 111 1111111111
111111111111111111111111111111111111111· 11111111 1111111111 1111111 11111111 1111
1111111111111111111111111111111111111· 11111 111111 11111 1111111111 1111111111
11111111111111111111111111111111111, 111 1111 111111 1111111. 11111 a 1111111 11111-
111111.11111)1111111 1111111111 11111111 111 111111 11111111 111111 monium 11 1111
111111111111,11111111 1111111, 11 wohl 111 11111111 1111111111 11111 111 [11111 11111 1
1111111 1111111111111111 suit 1111111111111 1111 11 1 1111111111 111 111111, 111 111 111
1111111 11111, 1111111111111111111111111- 1111111111 o! 111111 11 1111 11111 1 111111
ders 1111111111 1111. Er 11111111 111 111- 1111111 111 1111 111 1111111111, 11111111
1111111111111.181.188;Δ[111 111111 1111- 11 ,11 1111111 1 11111 1111 formerly
111111 111 1111111111, 111111 1111 11 111111, 1111 o( 111 11111, 111 1111 11111 11-
1111 111111 111111 1111111111 111111 1111111111 1111111 11111111 111 1111111111, 111
mormorion 1111111111 1111111 1111111111 11111111 1111111111 11 111111, 11 11111
Tun, 111111 111111 pause& 1111 11111111, , 111111111111111 11111111 1111111,
1111 111111 111 1111111 11111 1111 1 1111111111 away 11 111111, 1111-
1111 111111111111111111 1111111111 11111111111, 1111111111 11111 word o!
[011111111111111111111 Tyro? 11 111111111111111111(1111.11,1)1111111 1111
11111111 11 11111111 1111111111 o! 111 11111 111111 111 1111111111 111, 111 mbo 111 1111
ο11111111111ζ111111111,11111111111111 1111111111111Λλ11111111111111111111ι
1111111111 11 111111 111 111111111111111 11111, 1111111111 11111111 111 11111111 11
“⁸ 1111 111 11111111 1111111 1111111111 11 1111, 111 11111 11111111 11 a 1111111111, 11111
PM 1111 1111111111 11 11111111111111 1111 1111111 1111111 11 1111111 11. 11111 11111
11111111111111111. 111111111111111
111 11 m 1111 1111 11111111 111 smum 11 mv ,1111 (mm), 11111 ὁ
eoum 111111 11111111. Now, 11111 111· 1111 o! 1111 1111111, 111111 1 1111 11- ·

 

111111 1111111111111111111111111 (11111111- -

