, 960 smcfflcflm 5555555

55825, 5,8, 58 55885, 5, 8, 15 5488 5, 7, 55, 11 58815, 7, 45, 24 5 717 5,
5, 5, 182 54155, 5, 12,18 54275, 8, 825 7585, 8, 11, 4 5 7585, 811.
5, 12, 22 54285, 5, 14, 11 54145, 5, 557585, 8,18,12575255, 51515
15, 18 5 4575, 5, 18, 11 54485, 5, 21, 57555, 8,· 21, 5 5 7555, 8, 25, 25 5
15 54575, 5, 22, 4 54825, 5, 25, 11 782 5, 8, 25285 7855, 82528 5781
1555155555552555 1755555 m 55555
5, 2885 475 5, 528, 14 5. 4785, 5, 58, 42,7 57855, 5455515155, 8,1,55
85. 4785, 5, 51, 75488 55, 5,51, 11 8185, 55858285, 8, 1552585415
54825, 5, 52, 8 p. 4855, 5, 55, 12 5 8, 12, 8 5852 5, 8, 15, 28 5 854 b.; 5
4855, 8, 5, 28 55885, 8, 5455285, 15255 8425, 8, 21, 18 58485, 8, 21
8, 8, 18 5 5225, 8, 14, 5 5. 5585, 8, 18, 1 5 8485, 8, 25, 4 5 81855, 8, w
25 55455, 8, 21, 8 5 5485, 8, 22, 21 58485, 5255555545, 10, num.
55525, 8, 25, 25 5 5545, 8, 24, 54 5 5, 18, 18, 2858885, 1515225855,
5585, 8, 25, 8 55585, 528, 175588 18, 27, 18 5. 821 5

55, 8, 28, 18 5. 581 5, 528, 51 55825, z

55512 55845, 8, 52, 25 55885, 8, ⁰

52, 4 p. 5785, 8, 54, 18 55725, 8, 57, 2585551175 in 55151555 Aumssung 5, 8, 8 5
555785, 8, 4522558855, 8, 45555 485, 5, 52, 24 5 1525 1555, 8, 511
5845, 7,2, 12 58855, 7, 4, 28 5 888 5, 5 728 5

7, 8, 1 5 8885, 7, 18, 15 58475, 7,25, 25118551151585555, iam hoe tertio 4,15,2 5
27 58785, 7, 24, 42 58745, 7, 25, 8 5 587 5 -— ultimum 5518 4, 82, 2 5 5885,
8785, 7,58, 17 58885, 7, 51, 28 5888 5, 55, 8 54845, 18, 14,5 5 884 5

 

