SPRACHLICHES REGISTER. ' 341

111111 111 1111111111111111111111111111 3, 1, 0 1111111, poam 1111 0, 43, 21 11531 1.; 3,
p. 131. 31, 1311. 1411; 4, 2420124511 10, 25,
111115,13,31.4331.1.;5,33,31.4841. 5113131.- 1111115, 22214501.-

olivero 3143011431.
1111111111 3, 10, 10 p. 38 1. 1.
1111111111 111111 4, 0, 33 p. 1811.

111111111111. 1111.1.;1,1,1ρ.1111. 4

emon· 8,13, 11111411.

omum, Bedeutung, Stellung 3, 1, 8 1141 1.
- 111111 1111111113,32,231.1531.- 111
1111111114,1,31.1031.

fenique 11111111 8111111111111 1, 5, 35 p. 3081.

’1111111 11111111 5, 12, 23114331.

1111111111, 3111111111 3, 1, 31. 311.

1111111111 11111114441313101-111111111
10,28,1ι1.0231.

tepor-tare 111111111 10, 3, 131. 801 b. 808 1.

111-1111111113,13,111381.; 452, 211.
338 1.1.; 5, 12, 22114201.

1111115111 3, 12, 2 p. 05 1.; 4, 23211240
1.; 430, 3112331.

11111111 5, 13311431 1.

1111311111 3, 23, 21 p. 140 1.

11111111, 311111111111111 4, 12, 3 ι). 200 1.

111111111 11111111111111111. 3, 10, 15 11. 181.

1111111111, 11111111113,11,211.5431.

1111111111 5, 28, 5114141.

1111111111 432011. 1321.

111111 1, 5, 32 p. 001 1.

1111111111 4, 48, 10 p. 320 b.

4111111111 1111111111 5, 18, 13114411.

1111115111 111 111111111111111111181111113, 11
11331.

4111111 8, 33, 12 p. 113 1.

1111111111 4, 35, 1112331.

1111111111,1111111111113,34,3ρ. 1531. 1501.

1111111111 3, 4, 3 115101.

1111111, 11111111, 1111111 11. 41111. 3, 3, 21
1140111 3, 22, 21 11. 1101.; 3, 231 p.
1111.; 3,21,1311.1201.; 5,15,2011.4311.;
3,14,4 1153311 3, 10, 20 1154511 0,
2531155311 0, 33, 11 1153311 3, 33,
14 11583 1.; 8, 43, 13 1110411 0, 20, 13
1.8441.; 0, 20, 13 1.8451.; 3, 23, 1011.
8511. - 11111111111111 11111111111111111
81111111 3, 3, 13 1151311.

111, 1111, 111, Composita, 31111111143, 340
111531. 15311 4,1,311 1021.1.; 5,13,
3 p. 4331.1.; 5, 33,0 114841.

111, 111, 1111, 11111 orthographia, 4111111111
3, 21, 22 p. 1031.

1111111 belm Cultus 3, 13, 11 111521.

1111111 1111111111, 1111111111 0, 30, 30 p. 511 1
-11111111111111431011311- 1111-
111111 11111111,1,8 p. 3131.

1111111111, orthographia, 3, 2, 14 p. 111. -
1111111111 1111111111 1111111 8111111111 3, 0, 25
p. 1351. - 11111111 1111111111111111111111.
111 (3111111111 1111111 1111111111113,1,811.
131. - 111 (1111111111 1111111111, 111 3111111111
mam 11111111, 1111111111 1111111111, 111111
1111111111 [11111 3, 2, 14 p. 111. 1.

11111,1113111111111, 3, 1, 311131 - 1111-
11111111,11111111111111113,1,3 11131 -

1111111 11111 41,3 115211. 5221.

11131111 1. 1111111. 0, 33, 0 p. 5101.

1111111111 111 1111111113, 1,3 p. 01. .

1111111111 aliquem 31111111 0, 33, 28 p. 5831.

1119111111 1, 4, 21 p. 3331. ·

1111111 von 0111111111 321, 14 p. 123 1. - 1.
1.1111115,13,811.4331.1.- 3330114341.

11111111 11,20, 13 115511.

111111115 11111111115 ἓ, 15, 8 p· 141. - 11111111

1111111141,οι1.1321.1.;411,11.224
111 5,13,3ρ.4311.; 5,11,2ι1.4-111.;
0, 23, 13 p. 5301.

(11111111 111 1. Abi. 11. 111411, 25 p. 2341.
2051.

1111111111 1, 22, 24 p. 3101.

111111 111 11111111 3, 25,1 p. 120 b.

51111111, 1111111111 3, 3, 23 p. 521.

’ 1111111111 1111111111 111111 4, 44, 1311310111.

1111111111111 1111111111 4, 40, 23 p. 321 1. -
11.11111111111114,33,281.3341.
11111111111111111111111111111111111111118111-
1113, 5, 14 1.311.-.11. 1111 111144
2411. 1101.- a. 111, 1113, 0, 13 11. 3181.
1111101111111111110,31,22 p. 5331. - 1111
11111 11111111 1111111111,1,4 110301.
11111111,681ἕ111111 1111111111 1111111111, 20,
dispositi 3, 41, 3 11. 5851.
dissimulare 4, 32, 22 p. 3521. 3031.
1111111111111111111111· 11111 11111 Abi. 3, 2, 12
11131.
111111115911111111111113, 1, 13 114411 3,
10, 11. 1. ,
1111111111 11111111 3,3,4 11335. 301.
1111011118,48,0 1180418051.
1111111111 1111111 3, (1,4 11381. 331.

1111111111, 1111111111,1,10,1 p. 531.; 3, 34, A

71). 15011 4, 343 p. 281 1.; 4, 31, 11
p. 3301.; 4, 52, 23 p. 3331.; 3, 43, 23

1111111111 4331 112331. ·

1111113111, 1111311113, 34, 0 p. 1531. 1501.

11111, dionisam 4, 4, 24 p. 1801.

1111111111 4453 1131211.

1111111111, mmmm, 8111111111 3, 25,0 p. 121 1.

11111111 aquam 5, 2, 13 ι). 3151. 3111.

5111111111, (1111111111 3, 10, 10 11. 1531.

ammomum 1111, documento 1111 3, 5, 13
11351- 11.,111, 111 12111. 1111. 11118,
43, 23 p. 8381.

dolor4 ίὲα 8373ss p. 1441. -· 11111 11511111
a, . 1ο ¹ ·

1111111111 1111111 1111111111 4, 422 ρ. 1131.

1111111111111114,22,111.2411-11111
11111, daea 432, 28 p. 2101.

1111111114, 1320112021.- 1111111111111.
81111113, 10,11 11381.

111111 11111111 10, 13, 32 p. 0031.

ΜΜ,4ΠΪΜΜ 0, Ἃ, Μ Ρ· 55Ῐ ,Μ 81 181
11 111 11. .

 

