saccularius REGISTER.

81111114, 3, 37.

Sisenes, Sisines, Perser, 3, 18, 11 1. 321.

8111111111, 11 111111, 8, 41, 25 1. 7111 1.

Sisigambis, Mutter 1111111111, 3, 8, 22. 3,
QQhQsthQMhsthQ
ι1.ιι. 5, o, ar ι. 5, ιι, aa. ιο, 11, aa.

Sitalces, irn 11111 1111111111, 19, 1, 1.

8111114,1,31.11181.

Socrates, heiehiigt in Cilicien, 4, 22, 9.

8111111111 dena Peloponnes, hesonders aus
Arkadien 3, 1, 1 1.3.1.-111111111111
811111111111111111111111113,1,1111311

1121121111 2321ῗέ 'n ros ι. ι. roc a. 1.; o,

11212411, a.

81111111,18131151113,Ρ11111111, 9, 5, 24 p. 8291.

8121151111 12111121111111, 8, 24, 2.

Sostratus, irn 11111 1111111111, 8, 21, 7. 8.

Spartani 4, 34, 15. 11, 3,11. o, 7, 2. 7,

8122112221, 811111, 7, 22, 25 pl 1170 1.; 8,
11, 1 1. 737 1. 1.; 7, 22, 111. 22. 7, 24, 311.
7,21)1ὂ14. 7, 28, 24. 7, 32, 3133. 38. 7,

8112211111, 811111 1113111111111, 8, 13, 17

812112211118111111111111111111, 8, 13, 17.

8111111, 9111111111 111 11111111 111 Darius,
3, 8, 22 1. 511 1.; 3, 211, 24. 3, 32, 22. 4,

8122211812221111 asenarius, 3, 8, 23 1. 59 1.;

813112122ξέ1ἓῖ21112111111 hei 111 Μ11111-
11111 11, uu, 31 1. 5151.

811111, 111ϋ1)11111111,4, 1,11. 4, 3, 1111.1741.;

11211ῗῖ111, 1, ι,

81115, 11,31.4141.;“5, 1, 7. 5, 8, 8. 5, 11,
11. 5, 13, 3. 5, 211, 11.-1111 susischea
Pisse 5, 111, 31. 4141.11.; 5, 12, 17

121ῗὲ3111111.1111, 11, ao.

Symmachus 8, 45, 13.

Syracusae 4, 15, 22.

Syracusani 4, 15, 29 1. 2181.

81114, 1, 5. 4, 45, 12.

811113, 211, 12. 3, 33,27. 4,7, 1. 4, 34, 9.
4, 52, 1. 5, 5, 35. 1, 7, 3. 7, 34,18. 7,

1122111ιῖ rasse a, 11, 111. coo ι.

81111111111111811111118, 81111 1. 7341.1.11.;

..11113211,1..1,.1,1,1,1
1. 511111. h. 5117 1. 1.; 8, 21,21.7551.;
ξίΗῊΕ, 111.7511.1.; 8, 23, 22 1. 799 1.

Τ.

Tabae, 81111, 5, 35, 2 1. 494 a.
’1111111,11,131.5131.; o, 11, 14 1.5171.;
1, 23, 2 p. 5851. 985 1.; 4, 21, 5. 7, 24,

911

311.35 7,)211ἒὸ2. 13. 7, 28, 25. 7, 29, 1.2.4.

⁷, ,ΕἸΟ. 0

Tapuri, 1111111111, o, 13, 24 1. 537 h. —
1111118, 13, 17 1. 749 h.

1111113,11,14. .

Tauron, im 1111111111111111,5, 11111 1. 417
1. 5,11,111. 8,48,15.

Taurus, Gehirge, 7, 14, 211.

Taxiia ia 111111 8, 42, 4 1. 7921. 7931.

Taxiies, litinig, 8, 43, 14. 8, 44, 5. 8, 59,
35. 8, 51,41. 11,13,22.

11Ἥέ1111 des 1111111111 den 11111 5, 7, 7

11111114, 23, 14.

1111111181ἰθ εἶιναρω, 11111111111111111, a, 31,

usstagg ἓ, 11, 9 1. 4181. 4191.; 7, 3113

11111 5, 22, 3 1. 4591.

Thalestris, Khnigin, 1, 19, 25 1. 5441.

Thapsacus, Brirehe, 3, 17, 1 1. 821.; 4,37,
121. 2911.; 11,3, 19.

Thera, 01111 Parthicae, 5, 35, 1 1. 4941.

Τ1111ὲ11ἓ1,191111111111111111111111111111-
2202 a 5¹ ,st

Thehae in lioeotien, 4, 29, 29.

111111 11 Kleinasiea, 3, 111, 11 1. oo h.

1111111111 1, 19, 24 1. 5441. 1.

Τ1ἕὸι41111, ira 1111111111111111, 5, 7, 3 1.

Τ111111111,11111,11, 19, 24 1. 5441. 1.

Thersippus, im licere 1111111114, 2, 15.

1111111111, Reuterei ron, 3, 5, 11 p. 33 1.; 3,
242121ἓῶ 1314. 4, 50, 29. 4,111,5.

τιθιὲὲιίο, noran 1111111111, ao, a, a 1

Τ1111113,25,11. 3, 25, 9. 5,1,1. 9, 7, 2.
7ῢ2ἓῖ)3;1 9, 13, 21. 9, 25, 211. 19, 1, 45.
1, .

11111111, 11111111111111, 3, 11, 13 1. oe a.;
3, 24, 9. 4,511, 31. 5, 11, 41. 5,111,3. 8,
49,24. 111,3,21.

Thymodes, im 8111213111 Darius, 3, 3, 1 1. 31
1.· 1 1. · ·

Tigris 4191, rai-acii 1114. eoos
7.8. 4, 37, 11. 4, 4118 4,53 13. 4,54,
ι1111111111111

Tigris. S. Pasitigris.

Tigaaeag, im 111111 1111111111, 9, 21, 15. 9,
ι,ι

Timagenes, 'ais iiistoriher, 9, 21, 21. vergi.
A. 111111111111111111111111111 aemuia-
tore 1. 2 11 dassen 111111111111111111111,
1111ἰὲ-ᾱ11ἑ191ἆ1111111111111111. Lips. 1831.

Tiridates, 111111111 5,17,21.4411. 8,23,29.

Tithonus 4, 33, 3.

Trapezus 11), 39, 3.

Trihaotra 11 Sogdiana 7, 38, 29 p. 7941. 1.

1111111111, 7, 2. 9, 25, 21. ·

Tripoiis ia Phhnicien 5, 27.

1111111111111411111 31, 18 1. 2991.

111111, Η1111 111, 3, 19, 19 p. oi 1.

 

