SPRACHLIGHES REGISTER.

atamen 4, 20, 11 p. 2511.

alveus 4, 38, 11 p. 21121.

amici 11911410 p. 11121, 11,5, 11 μ. 514
11., 0, 211, 11 115001.

1111111111. 1111111111 11111341 p. 231, 3,
15, 11 1151. - amittere, emittere 111-
1111111 4, 54, 13 ,1341 1. - 1113142011
,125011 5, 30, 11 p. 4101.

4111111, Hammon 4, 20, 5 p. 201 1.

amnis 111111 4, 20, 4 112001. - 11111, amus
4, 34,1 112801, 4, 38, 111 p. 2031.

amplecti 1111111111 3, 111, 11 11101.

111 —— 110, 21, 28 115021, 8, 23, 25 p. 102
1.1.-- 1111011111, quaerere, 11, haesitare,
11 pateus 4, 48, 10 p. 3281. 3201. 1.

anceps 111111, proelium 3, 11, 0 ρ. 01 1.

1111111111, inter 1111111111, 111 1111111111, 4,
21,4 p. 2301.

1111111111 111111111111113, 1, 8 p. 11.
ἧ411111111111111. 1111. 4, 38, 22 12031.
·.. e.

animal 4, 54, 18 p. 3431.

11111111,1111., 4, 13, 11 11212 1., 4, 22, 12
p. 241 1. 2421.

anniversarium 11111111 4, 8, 10 11. 1001.

antea. 8. 1111.

aare u. 11111 1111111111 3, 0,1 11301, 4,
11,21 112031, 5, 203 p. 451 1., 5, 23,
8 14031. -·· 11 1110111115, 31, 10 p.
4821. ··- 111111 praeparare u. u. 3, 21, 14
p. 120 1. - anteeant 1111115, 12, 22 p. 420
1. -’ 1111 amnia 4, 34, 15112821.

antequam u. anteaquam 5, 10, 28 p. 4301.

antiquitas 1, 14, 22 11. 11431. 11441.

anulus, orthographiae, 14, 1 11741.

auus am'a 3, 20, 25 u. 1311.

11111111111111113, 0, 2 p. 301.

1111111410, 11 ,1.2011. - ap. 1111111 111
5,11,8 114401. - ap. 11111111 4, 38, 21
p. 2031. - ap. oceanum, ,411111 1, 1, 3
p. 50οἳ1ό - 1111111, parari 1111111113, 25,
5 11 1.

apparet 1111 t, 33, 3 u. 0021.

appetebat 111, tau 3, 301 p. 1401, 1, 33,
3 111021.

applicare 111111· 4, 45, 11 u. 3101. -· appl.
se stipite· 8, 14, 1, p. 1431- Pers. 1111
Parae-ramea 0, 15,1 1153011.

1111111111, (11111111 1111111111 111 Ε.. 3, 23,
4 p. 1121.1.,·3, 34, 0 p. 1501., 1, 308
p. 081 1.1.- 1111111 11111 1111. 3, 30, 1
p. 1441, 3, 35,5 11531. 1501.

apta 111111 0, 0, 20 μ. 5101.

apua 111,81111111-, 111111- 1111 Ltuderuesueu
4, 24, 10 11. 2441. - apud 11111111 aures
11111111 0, 42, 15 p. 5881. ·- 111111 multas
111111111111111 mes's praeparate 1111111 11,
33, 11 ,1.5111.

fflssssfffflfflmfflssssm 1, 11, 11 11111.
- 111111111111111111111103 1011. 5011,
8, 4, 34 111211.

111111. 8. 11111.

11111111 0, 20, 22 p. 8111.

031

, arma 11111113,1,14,1.451.1.-11 111111

esse 4, 25, 3 p. 2411. — 111111 utrique 8,

1111111· 11 restructi 3, 21, 22 p. 1081. - 11-
11111, 11111111· 0, 31, 10 11511111. 1.

armenta 1, 18211 11011 1., 8,15, 1011. 1401.

arripere 4, 11,5 1122511.

111,11111111’111“ 3, 102011811- 11111
1111111118, 11, 1 [11501.

1111111111, 1111111113, 13, 11 110811. -

artus, 1111113, 1,8 p. 11 1. - 1111· 111111111-
1111111,ὴ1,811. 11 1.- 111111111113,2,13

111, tropaea, 3, 34, 0 p. 1501.

Asia 111111, missar 3, 2, 13 p. 101.

Asia u. 1111 1111111111 3, 4,8 ,1.211.

asper et prauumue 3, 10, 0 p. 511.

1111114111,8 3151ξ111111 8, 12,11 p. 1301, 10,

aspirare, 11111111 3, 21, 20 11. 101 s.

assmss'a 8, 20, 20 p. 7541.

asseretur, assentire 4, 41,1 13241, 5, 21,
4 114021, 5, 32,3 ,14831

asservare 3, 33, 3 p. 15511.

1111111111 4, 40, 23 p. 3301.

assuetas, 3111111113, 23,4 u. 1121. - 1.
111. 3, 210 p. 1221. - 11111. 1111. 5,
3301148411, 01815211. - as-
11111113, 302 [11411.

1111ιὸ116111 ἰὲιῖξ1111111111111111 8111111 3,

1111111111 101 (1111111111 3,34, 1 p. 1511.

111111111111111111111111,1118111111111113,1,
12 11431, 4, 41,4 p. 32411, 4, 54, 14

- 11. 3421, 4,111, 10 113501, 0, 35, 20 p.

5131, 0, 5, 30 p. 822 e, - 111 1111111111-
vis u. coniunctius 4, 50, 1 11. 34811.

111111111111111011111111111111113, 151111.
- 11111111111113, 10,2 11031. 041.

11 u. atque 11111 31111111114, 3, 10 p. 1111.

atque u. at 11111 3111111111 4, 3, 10 p. 111
1., 1, 10, 30 11. 0551, 1, 22, 24 110001.
- atque 4, 0, 15 ,1. 1001.

ataui 5, 18, 11 p. 4401.

attenua 11111 Naeuam: 3, 10,2 11031, 0,
25, 0 p. 5501.

11111111 111 1111Η11111 8, 10, 34 ,1.13111.

1111111111 111 111 namen 3, 2, 12 p. 151. —-
1111111111111 3,1, 15 ,1.451.

audere, Staltuug 1111 1111111114, 38, 22 u.
2031, 4, 44, 10113001, 5, 10, 18114481.

amasse-asu, 1111111111 4, 40, 10 p. 2081.

1111118,20,21 p. 15411, 0, 28, 15 1185111.

1111111111 captare 4, 22, 12 p. 241 1. 1.
ῐῖ1ὥ11111111111111111111 8, 45, 10 11. 108
. 1.

aursus, 11111111 3, 1, 11 p. 431.

auru, 111111 imbuere 4, 40, 11 p. 3001. -
1. implere 4, 40, 20 p. 321 e. 1. - 1. [1-
111111 8,45,10 [11081. 10011- a. srae-
0111101511 10001- aeres 11111111
1111,ρ1ι11118,5,40.1.- aum 11001404
0, 30, 01.,8001.- apua 1111111 1111111-
1111110,42,15 115881. - 1111111 11111·-

 

