SAGHLICHES nudlsl‘au.

Babylon 5, 4, 2411. 384111 11,4,2. 12112.
4, 35, 2. 4, 311, 3. 4, 33, 7. 5,1,’7. 5,
3,17. 5, 5, 35. 521111. 3,13,’17. 3,
31117. 111,2,111. 13111, 1. 11121111.

Babyloniorum fines 5, 2, 15.

1111111113, 17, 3. 111111. - in ludieu
3, 112, lan. 1511 1,; 3, 34, 1 11. 731 1.1 8, 35,
11 1173211 3,13,211. 1111121 nell a.
11, 311, 5. - 11 scytalen 7, 37, 15.

3111111215 u. ll3b.; 7, 13, 31 11115311
4,21,8. 5, 24, 1, 5, 211, 58. 5, 37, 13.
1, 22, 22. 7, 23, 3. 7, 33. 211, 7, 411, 111.
11, 27, 1. 11, 27, 11. - aurigenae ge-
11111111 7, 34, 21 1111151. 1111111.1 3, 27, 11
11. 355 a. 1. -· 311111, zarlasna 7, 33, 211 p.
732 b. 7113 a. b. 7114 a. b.

Bactriana 11111 7, 13, 23 p. 343 b. ll.

3111111114, 213. 14111. 15113. 4,
53, ·1111. 11, 31, 111.

11111111,1·“11111,7,’18.3111111111

3111111111111111, 1353141141.

Bagoas 111’11111111’1115 Alexander 11, 11, 111
11531111 11,,182311.5431.; 11812. ’111
4,25. 13, 5, 33.

31111111111211111, 5, 3, 23. 5, 3, 44.

311113, 17 ,.111831

Balacrus, lmBeareAlexanders, 4, 211311, 242
11., 4,’53,231.3331.11.; 341 12117331.

3111111, Vollx 3 ,.4,5p 2111.

11111111,31111111511111111111111311411.
11111’; 13,211,1111.3121.1.

Barsine, ’Τ11’1111’ 5111111111, 3, 3, atto. 5311
12125. 13,211,.111131211.

3112111111,81111151131111111121311 n
meb.; 8,44,5ρ. Wssa.

Bazaira, 21111111, ln 3111111113 1 ,111.7231.

31111,311111,31111111115111 3, 37, 22 11.
73511.

Belagerungstlrlume 1211311. 2531.

3111111, unbekannt, 4, 45, 1311. 3131.

3111121111,11311113111115111,3 41,1

1111113,7,111.5,,424.

1111511,’11111511111,’3, 1, 7 p 7221.

11111111’5,28, 111.4’7311.;’ 3,21,1311,.54311
7,,172311.11471..114311 1212111173

1;7,,..2441111117314,,.2524,·15,.4
4,’45,.114.5112,’,5244.5,211’,2’5,
el, ἐ. 1111111111. 5, ’11,’1 5,
33,·1. 5,31,.7 5,,..3213 5,34,..1413
53113. 5, 5115. 13. 11,21,13.’ 3,,22
111211. 11115. 7,17,201. 7,111,’43.
7,22,1111. 1213111. 7, 211, 1415 7,

111111’, 311111111111111111114,23,.711 2481. 11.
111ο,’1;1111111111 311111111,1’1,2’7,4.7.8.
Bion, 31115511114, 51, 311’
311113111512,13’1.”57111Η17133111123
n 8711.

3111111113,25,.7 4,23,23.11,7,2.
ΒοΙοιέἒέἐΙω, im Η’1111’ΔΙ11111’5111, 3, 41, 1

353

Borysthenes, 111111, 3, 3, 15. ·
3111111113,111311.515,1. 7, 211, 13. 8,1,7.

Boxus, Emodrer iu 3111111111, 11, 27, 4. 7. 3.

Branchidae 1111111117, 23, 28 1117111.

Breeubelus, Persea, 5, 33, 11 1143111.

Bubacene, 1115111111, 8, 112.

11111111, 11111115113111111,5,33,411.4731.1
o 33 13.

3111111111, 3111111111, 8115111 115111, 3, 13,
21 1113511 11111 113171.

3111111111, Alexandrus Leibulerd, 3, 17, 18
11. 542 a. 1,; 11,,13, 23 p. 33111.

31111111113111115111,1111111311,1311238111.

Brutos 4, 3, 15.

(2.

Cadusii 4, 45, 12 11. 31811 4, 5112 11, 353
1Μ135

Calas, 111 111111 Alexanders, 3, 3, 24 11. 22 b.
23 1,; 4, 23, 13,

Colis, 111 lleere Alexandnnn, 3, 44, 33.

Callicrates, Belelrlslrabar la Susa, 5, 3, 17.

Callicratidas, Gesaudter sparus bei ilarius,
1135, 15.

811111111’11118,18,131 75211 11212511.
7321131123. 3,23,24.25.27.’3,24, ’
233. 8,25,’3.13.3’,23,13. 3132122 -

31111511114, 45, 1211. 3131· ,4,’1, 34.

3111151511124. 3,,.31’,,1173. 7,14,
23111313.

(1111111117’,11’,211.1171.17,13,52.

311113, 1313312.

Carmania 3, 41, 211.

Cartbago 4, 8, 13. 11. 4,15, 1311. 4, 13, l8.
4211, 21. 13,3,17.

3111111111, serane, 7, 23, 1.

Caspiae 11111111, 1 11. 4881. 11.

Caspii 4, 45, 3 11. 3151.

casplsebas 51111 5, 12, 1311532111. 7,14,13.

1113111511,811115113111111111, 13, 312. 13,

1,17.

Castabulum, Castabulum 3, 17, 5 11. 341. b.

Castor 8, 113.

Castra Alexandri 4, 23, 2 11. 21131.

11111111111 11. 541.

1111111111 Sogdiana 7, 22, 21. 22, 7, 24, 41.
42 121114. 3,17,2.

Cataonas 4, 45, ll 11. 311 a.

8111111114, 53, 1211. 353 a. 1.

3111111115, 13, 5. 3, l3, 25.

Caucasus, der iudiscbe, 7, 14, 13, p. 1132 a. b.
1,; 8, 313 p. 773 111215. 7, 17, 22.

Caunii 3, 17, 4.

Cebalinus, iux Beere Alexanders, 3, 211, 11111,
533a..ll

1111111111,111,51.11141.11141111·

(111114111111111111113,1’,1’.ρ41. 3,1,.2

Cercetae,l'ollxrn Asieu,3, 12, 17 115321.

Chaeronea 8, 3, 23.

311151115521113213351 3,.115

Chalybes, Voll' au Asiea, 11, 12, 17 11. ’5321

Cineres 411111111114, 24, 22.

3111151111,Το5511’,3,61110115,281

 

